deeppoly_affine1 1 1
0.32060800621032715
0.016074657440185547
deeppoly_affine1 2 1
0.32668171951293945
0.017312049865722656
deeppoly_affine1 3 1
0.3293894393157959
0.021298646926879883
deeppoly_affine1 4 1
0.33304129669189453
0.035192012786865234
deeppoly_affine1 5 1
0.34291897842407226
0.08256816864013672
deeppoly_affine1 6 1
0.3528586489868164
0.3083467483520508
deeppoly_affine1 7 1
0.36518035957336425
1.8477728366851807
deeppoly_affine1 8 1
0.12422
0
deeppoly_affine10 1 10
0.32930742332458496
0.016713619232177734
deeppoly_affine10 2 10
0.3354147536468506
0.02014470100402832
deeppoly_affine10 3 10
0.34391056129455566
0.029618501663208008
deeppoly_affine10 4 10
0.3446656329345703
0.07069969177246094
deeppoly_affine10 5 10
0.35121880599975586
0.08284187316894531
deeppoly_affine10 6 10
0.359421358795166
0.3092515468597412
deeppoly_affine10 7 10
0.37180172035217285
1.8532838821411133
deeppoly_affine10 8 10
0.12422
0
deeppoly_affine2 1 2
0.32386218139648437
0.016158103942871094
deeppoly_affine2 2 2
0.32773576805114746
0.017407655715942383
deeppoly_affine2 3 2
0.3312059504699707
0.02163243293762207
deeppoly_affine2 4 2
0.33546982833862304
0.03334617614746094
deeppoly_affine2 5 2
0.3435314757537842
0.08151412010192871
deeppoly_affine2 6 2
0.3533002001953125
0.3103454113006592
deeppoly_affine2 7 2
0.3674946887207031
1.8576176166534424
deeppoly_affine2 8 2
0.12422
0
deeppoly_affine3 1 3
0.32181202003479004
0.016232013702392578
deeppoly_affine3 2 3
0.3269816500854492
0.0173952579498291
deeppoly_affine3 3 3
0.33359180519104004
0.022275686264038086
deeppoly_affine3 4 3
0.3385630709838867
0.03361368179321289
deeppoly_affine3 5 3
0.3461428744506836
0.08104825019836426
deeppoly_affine3 6 3
0.3585659129333496
0.3109269142150879
deeppoly_affine3 7 3
0.36841593811035156
1.8636794090270996
deeppoly_affine3 8 3
0.12422
0
deeppoly_affine4 1 4
0.3239885432434082
0.01570892333984375
deeppoly_affine4 2 4
0.3275924784851074
0.01945018768310547
deeppoly_affine4 3 4
0.3372789485168457
0.021953582763671875
deeppoly_affine4 4 4
0.3359187705230713
0.0336151123046875
deeppoly_affine4 5 4
0.34609352180480957
0.08147859573364258
deeppoly_affine4 6 4
0.35570536682128906
0.30724310874938965
deeppoly_affine4 7 4
0.36909876892089843
1.8568313121795654
deeppoly_affine4 8 4
0.12422
0
deeppoly_affine5 1 5
0.3247028453063965
0.017168760299682617
deeppoly_affine5 2 5
0.3298948867034912
0.0184934139251709
deeppoly_affine5 3 5
0.3345817191314697
0.022294282913208008
deeppoly_affine5 4 5
0.3377548320007324
0.0330045223236084
deeppoly_affine5 5 5
0.34461055824279785
0.08053374290466309
deeppoly_affine5 6 5
0.3573263747406006
0.3073875904083252
deeppoly_affine5 7 5
0.3720706565093994
1.8369355201721191
deeppoly_affine5 8 5
0.12422
0
deeppoly_affine6 1 6
0.3249963385772705
0.01638484001159668
deeppoly_affine6 2 6
0.33031664916992187
0.018085956573486328
deeppoly_affine6 3 6
0.336594210357666
0.02327895164489746
deeppoly_affine6 4 6
0.33858047554016113
0.03400444984436035
deeppoly_affine6 5 6
0.34636627265930175
0.08078789710998535
deeppoly_affine6 6 6
0.36136828491210937
0.30669498443603516
deeppoly_affine6 7 6
0.3712271315765381
1.8412673473358154
deeppoly_affine7 1 7
0.33005724975585937
0.016893863677978516
deeppoly_affine7 2 7
0.33548699447631836
0.018578290939331055
deeppoly_affine7 3 7
0.3376155955505371
0.02851080894470215
deeppoly_affine7 4 7
0.33939419815063476
0.03368949890136719
deeppoly_affine7 5 7
0.34453593322753906
0.0798795223236084
deeppoly_affine7 6 7
0.35988269874572754
0.3065376281738281
deeppoly_affine7 7 7
0.368832455368042
1.847327709197998
deeppoly_affine7 8 7
0.12422
0
deeppoly_affine8 1 8
0.3281808955383301
0.016003847122192383
deeppoly_affine8 2 8
0.32950149604797363
0.018593549728393555
deeppoly_affine8 3 8
0.33747159072875976
0.027987241744995117
deeppoly_affine8 4 8
0.3427592379760742
0.04100298881530762
deeppoly_affine8 5 8
0.34647332260131836
0.08110380172729492
deeppoly_affine8 6 8
0.35909305641174316
0.3077054023742676
deeppoly_affine8 7 8
0.37067209312438965
1.8412737846374512
deeppoly_affine8 8 8
0.12422
0
deeppoly_affine9 1 9
0.32973419258117675
0.016620397567749023
deeppoly_affine9 2 9
0.33211122581481933
0.018764495849609375
deeppoly_affine9 3 9
0.33600722381591797
0.028121232986450195
deeppoly_affine9 4 9
0.34947787353515625
0.047397613525390625
deeppoly_affine9 5 9
0.34823046752929687
0.08072257041931152
deeppoly_affine9 6 9
0.3578773600769043
0.3074939250946045
deeppoly_affine9 7 9
0.3729988200378418
1.8365859985351562
deeppoly_affine9 8 9
0.12422
0
deeppoly_maxpool1 1 1
0.15339681336975097
0.014388561248779297
deeppoly_maxpool1 10 1
0.15314504335021972
0.014122247695922852
deeppoly_maxpool1 2 1
0.1532330198059082
0.013602495193481445
deeppoly_maxpool1 3 1
0.15309139916992187
0.014484405517578125
deeppoly_maxpool1 4 1
0.15314957330322265
0.013987064361572266
deeppoly_maxpool1 5 1
0.1532504243621826
0.014089345932006836
deeppoly_maxpool1 6 1
0.152516571975708
0.013832330703735352
deeppoly_maxpool1 7 1
0.15310022065734863
0.013572216033935547
deeppoly_maxpool1 8 1
0.15296241471862793
0.013760089874267578
deeppoly_maxpool1 9 1
0.15290590951538086
0.014127016067504883
deeppoly_maxpool10 1 10
0.122776
0
deeppoly_maxpool2 1 2
0.15799018571472168
0.01643824577331543
deeppoly_maxpool2 10 2
0.15743848512268066
0.0166018009185791
deeppoly_maxpool2 2 2
0.1573378724822998
0.016622304916381836
deeppoly_maxpool2 3 2
0.15763231942749023
0.017783164978027344
deeppoly_maxpool2 4 2
0.15712687203979492
0.01657700538635254
deeppoly_maxpool2 5 2
0.1574155969390869
0.01640605926513672
deeppoly_maxpool2 6 2
0.15743943879699707
0.01717400550842285
deeppoly_maxpool2 7 2
0.15812036225891113
0.017116785049438477
deeppoly_maxpool2 8 2
0.15885755250549316
0.01735210418701172
deeppoly_maxpool2 9 2
0.15827438066101074
0.01753687858581543
deeppoly_maxpool3 1 3
0.16643616387939453
0.022543668746948242
deeppoly_maxpool3 10 3
0.16722866723632812
0.022551536560058594
deeppoly_maxpool3 2 3
0.16691657731628418
0.02302265167236328
deeppoly_maxpool3 3 3
0.16706487367248535
0.022573471069335938
deeppoly_maxpool3 4 3
0.16755434701538086
0.023261070251464844
deeppoly_maxpool3 5 3
0.16622134873962402
0.0235288143157959
deeppoly_maxpool3 6 3
0.16666504571533203
0.022189617156982422
deeppoly_maxpool3 7 3
0.16846415231323242
0.022925853729248047
deeppoly_maxpool3 8 3
0.16746637055969238
0.022570133209228516
deeppoly_maxpool3 9 3
0.1675285978088379
0.023087739944458008
deeppoly_maxpool4 1 4
0.19291230867004394
0.042055368423461914
deeppoly_maxpool4 10 4
0.19261142442321777
0.041483402252197266
deeppoly_maxpool4 2 4
0.19301959703063964
0.04204511642456055
deeppoly_maxpool4 3 4
0.19400831887817382
0.0417933464050293
deeppoly_maxpool4 4 4
0.19182750413513183
0.0419614315032959
deeppoly_maxpool4 5 4
0.1921755952606201
0.04211020469665527
deeppoly_maxpool4 6 4
0.19192668626403808
0.0420079231262207
deeppoly_maxpool4 7 4
0.19241496751403808
0.041770219802856445
deeppoly_maxpool4 8 4
0.19236919114685058
0.0422670841217041
deeppoly_maxpool4 9 4
0.19694182107543945
0.04183149337768555
deeppoly_maxpool5 1 5
0.2553910894165039
0.11908221244812012
deeppoly_maxpool5 10 5
0.254548518157959
0.11948132514953613
deeppoly_maxpool5 2 5
0.2556492967376709
0.12098979949951172
deeppoly_maxpool5 3 5
0.2547225637207031
0.12091994285583496
deeppoly_maxpool5 4 5
0.2545504255065918
0.11980652809143066
deeppoly_maxpool5 5 5
0.2558028383026123
0.12125110626220703
deeppoly_maxpool5 6 5
0.25594875047302246
0.1204226016998291
deeppoly_maxpool5 7 5
0.2585677785644531
0.1208031177520752
deeppoly_maxpool5 8 5
0.2568273229370117
0.12046480178833008
deeppoly_maxpool5 9 5
0.25381323526000976
0.12093687057495117
deeppoly_maxpool6 1 6
0.4248385114440918
0.41872262954711914
deeppoly_maxpool6 10 6
0.42661711404418945
0.4207267761230469
deeppoly_maxpool6 2 6
0.4229161424407959
0.4150822162628174
deeppoly_maxpool6 3 6
0.42602225968933105
0.4192819595336914
deeppoly_maxpool6 4 6
0.43238350579833984
0.42465829849243164
deeppoly_maxpool6 5 6
0.424658266998291
0.41753149032592773
deeppoly_maxpool6 6 6
0.423850743270874
0.42078113555908203
deeppoly_maxpool6 7 6
0.4221200628051758
0.41938281059265137
deeppoly_maxpool6 8 6
0.425756899810791
0.41904330253601074
deeppoly_maxpool6 9 6
0.4209513349304199
0.4197530746459961
deeppoly_maxpool7 1 7
0.8846995515594482
1.997340202331543
deeppoly_maxpool7 10 7
0.8670963926086426
1.9643573760986328
deeppoly_maxpool7 2 7
0.8708705587158203
1.9633605480194092
deeppoly_maxpool7 3 7
0.8623604459533691
1.9664971828460693
deeppoly_maxpool7 4 7
0.8656050843963623
1.9675636291503906
deeppoly_maxpool7 5 7
0.8600146455535889
2.01019549369812
deeppoly_maxpool7 6 7
0.8689171952972412
1.9624526500701904
deeppoly_maxpool7 7 7
0.8994156999359131
1.9849913120269775
deeppoly_maxpool7 8 7
0.8623158616790771
1.9609625339508057
deeppoly_maxpool7 9 7
0.8652524633178711
2.0012190341949463
deeppoly_maxpool8 1 8
1.957950560546875
9.656153202056885
deeppoly_maxpool8 10 8
1.9881713075408936
9.732158899307251
deeppoly_maxpool8 2 8
2.0326077623138428
9.714847564697266
deeppoly_maxpool8 3 8
1.9943644685516357
9.761549711227417
deeppoly_maxpool8 4 8
2.020633666015625
9.989888906478882
deeppoly_maxpool8 5 8
1.9526447934875488
9.690358638763428
deeppoly_maxpool8 6 8
2.0186350030670166
9.98895812034607
deeppoly_maxpool8 7 8
2.1162645501861572
9.87690782546997
deeppoly_maxpool8 8 8
2.0060195607910156
9.747184038162231
deeppoly_maxpool8 9 8
2.0270909948120117
9.775138139724731
deeppoly_maxpool9 1 9
4.7820458097229
84.81752610206604
deeppoly_maxpool9 10 9
4.870133368469238
84.25562191009521
deeppoly_maxpool9 2 9
4.750808922744751
86.37418603897095
deeppoly_maxpool9 3 9
4.785812584854126
84.7386155128479
deeppoly_maxpool9 4 9
4.7829053087005615
84.35766172409058
deeppoly_maxpool9 5 9
4.85530134866333
84.93493795394897
deeppoly_maxpool9 6 9
4.791329113937378
84.92418766021729
deeppoly_maxpool9 7 9
4.8623354120025635
85.4778208732605
deeppoly_maxpool9 8 9
4.759511677719116
86.21353030204773
deeppoly_maxpool9 9 9
4.756763665176392
85.44206094741821
deeppoly_relu1 1 1
0.2344462430267334
0.04192543029785156
deeppoly_relu1 10 1
0.23772402165222167
0.0424954891204834
deeppoly_relu1 2 1
0.2346596276550293
0.04065847396850586
deeppoly_relu1 3 1
0.2345559155731201
0.04106712341308594
deeppoly_relu1 4 1
0.2331506764678955
0.040644168853759766
deeppoly_relu1 5 1
0.2365829503326416
0.041676998138427734
deeppoly_relu1 6 1
0.24600453732299804
0.04710507392883301
deeppoly_relu1 7 1
0.23658080456542968
0.042003631591796875
deeppoly_relu1 8 1
0.24435587284851074
0.045928001403808594
deeppoly_relu1 9 1
0.2396673714904785
0.04427361488342285
deeppoly_relu10 1 10
0.23511309979248046
0.04092836380004883
deeppoly_relu10 10 10
0.25226016400146484
0.04843497276306152
deeppoly_relu10 2 10
0.23445530293273925
0.041397809982299805
deeppoly_relu10 3 10
0.2343694722442627
0.041249990463256836
deeppoly_relu10 4 10
0.2393323933868408
0.04272031784057617
deeppoly_relu10 5 10
0.23937292454528808
0.044936180114746094
deeppoly_relu10 6 10
0.24715443013000488
0.04681730270385742
deeppoly_relu10 7 10
0.24076719639587402
0.04308366775512695
deeppoly_relu10 8 10
0.23491449711608886
0.042008399963378906
deeppoly_relu10 9 10
0.24041767475891113
0.04357266426086426
deeppoly_relu2 1 2
0.2352542435913086
0.04119443893432617
deeppoly_relu2 10 2
0.2347673928527832
0.04155373573303223
deeppoly_relu2 2 2
0.2448079144744873
0.045163631439208984
deeppoly_relu2 3 2
0.23578734753417968
0.04068613052368164
deeppoly_relu2 4 2
0.23632188198852538
0.04231905937194824
deeppoly_relu2 5 2
0.2367958581237793
0.04258561134338379
deeppoly_relu2 6 2
0.2351047551422119
0.04114580154418945
deeppoly_relu2 7 2
0.23607535717773437
0.041010141372680664
deeppoly_relu2 8 2
0.23532266972351074
0.04128313064575195
deeppoly_relu2 9 2
0.2409462487487793
0.0443873405456543
deeppoly_relu3 1 3
0.2348598992614746
0.04058337211608887
deeppoly_relu3 10 3
0.2337305104522705
0.041252851486206055
deeppoly_relu3 2 3
0.23760290501403808
0.042935848236083984
deeppoly_relu3 3 3
0.23593993542480468
0.041015625
deeppoly_relu3 4 3
0.2339303052215576
0.04074692726135254
deeppoly_relu3 5 3
0.2375583207397461
0.04045271873474121
deeppoly_relu3 6 3
0.23724503872680663
0.04191136360168457
deeppoly_relu3 7 3
0.2337171590118408
0.04016518592834473
deeppoly_relu3 8 3
0.25010962841796874
0.05189037322998047
deeppoly_relu3 9 3
0.23432011959838867
0.04068899154663086
deeppoly_relu4 1 4
0.23593492863464355
0.04217100143432617
deeppoly_relu4 10 4
0.2419988667755127
0.044538259506225586
deeppoly_relu4 2 4
0.23766227124023437
0.04256582260131836
deeppoly_relu4 3 4
0.23624415753173827
0.041434288024902344
deeppoly_relu4 4 4
0.23982925770568847
0.044148921966552734
deeppoly_relu4 5 4
0.2379123723297119
0.0422062873840332
deeppoly_relu4 6 4
0.2406413113861084
0.043459177017211914
deeppoly_relu4 7 4
0.23379392979431152
0.03987908363342285
deeppoly_relu4 8 4
0.23857517597961425
0.04207253456115723
deeppoly_relu4 9 4
0.2383076703338623
0.04285907745361328
deeppoly_relu5 1 5
0.2524046456604004
0.04917573928833008
deeppoly_relu5 10 5
0.23937197087097167
0.0431208610534668
deeppoly_relu5 2 5
0.2481655633239746
0.04570412635803223
deeppoly_relu5 3 5
0.2424602067260742
0.04311800003051758
deeppoly_relu5 4 5
0.240032390335083
0.043012380599975586
deeppoly_relu5 5 5
0.2415749585418701
0.043096065521240234
deeppoly_relu5 6 5
0.2409801041870117
0.043735504150390625
deeppoly_relu5 7 5
0.24027986882019042
0.04324460029602051
deeppoly_relu5 8 5
0.24065370915222167
0.04317331314086914
deeppoly_relu5 9 5
0.2408551728515625
0.0428919792175293
deeppoly_relu6 1 6
0.2390405690460205
0.04295969009399414
deeppoly_relu6 10 6
0.24852533695983886
0.04792642593383789
deeppoly_relu6 2 6
0.23981018421936035
0.042661428451538086
deeppoly_relu6 3 6
0.23987384197998046
0.042634010314941406
deeppoly_relu6 4 6
0.24059982655334472
0.04395341873168945
deeppoly_relu6 5 6
0.23872776387023925
0.04267287254333496
deeppoly_relu6 6 6
0.2428531205444336
0.04499459266662598
deeppoly_relu6 7 6
0.24756093380737304
0.04702448844909668
deeppoly_relu6 8 6
0.2405509507446289
0.04363417625427246
deeppoly_relu6 9 6
0.24431271908569335
0.047209739685058594
deeppoly_relu7 1 7
0.25959964154052734
0.05303549766540527
deeppoly_relu7 10 7
0.2337777173309326
0.04073143005371094
deeppoly_relu7 2 7
0.24144907353210449
0.04359769821166992
deeppoly_relu7 3 7
0.24057407734680175
0.04280233383178711
deeppoly_relu7 4 7
0.24460764286804199
0.043190717697143555
deeppoly_relu7 5 7
0.2540530717163086
0.04825997352600098
deeppoly_relu7 6 7
0.23458094952392577
0.04100346565246582
deeppoly_relu7 7 7
0.23602958081054687
0.04226326942443848
deeppoly_relu7 8 7
0.2481810605316162
0.045366525650024414
deeppoly_relu7 9 7
0.24022789356994628
0.0447084903717041
deeppoly_relu8 1 8
0.2340359246520996
0.04087042808532715
deeppoly_relu8 10 8
0.24102683422851562
0.043977975845336914
deeppoly_relu8 2 8
0.24403782246398925
0.04467153549194336
deeppoly_relu8 3 8
0.23899121640014648
0.04143691062927246
deeppoly_relu8 4 8
0.23908181546020507
0.04334759712219238
deeppoly_relu8 5 8
0.24123068211364745
0.04492473602294922
deeppoly_relu8 6 8
0.23685164807128906
0.041373491287231445
deeppoly_relu8 7 8
0.2356242692260742
0.040651559829711914
deeppoly_relu8 8 8
0.23422665951538085
0.04123497009277344
deeppoly_relu8 9 8
0.24801774380493163
0.046180009841918945
deeppoly_relu9 1 9
0.23640675900268554
0.04259991645812988
deeppoly_relu9 10 9
0.23600669262695312
0.0413515567779541
deeppoly_relu9 2 9
0.23407502529907226
0.04097270965576172
deeppoly_relu9 3 9
0.23818059323120117
0.0404815673828125
deeppoly_relu9 4 9
0.2340950524597168
0.04072165489196777
deeppoly_relu9 5 9
0.2354387795715332
0.04099392890930176
deeppoly_relu9 6 9
0.23387165425109863
0.040352582931518555
deeppoly_relu9 7 9
0.23513121960449218
0.04143857955932617
deeppoly_relu9 8 9
0.23564882633972167
0.0418705940246582
deeppoly_relu9 9 9
0.23503585217285156
0.040838003158569336
fb_affine1 1 1
0.10211604870605469
0.011571884155273438
fb_affine1 10 1
1.0681003931884765
0.011358022689819336
fb_affine1 2 1
0.10291308201599121
0.010908365249633789
fb_affine1 3 1
0.10709089077758789
0.010934114456176758
fb_affine1 4 1
0.11764687336730957
0.011358261108398438
fb_affine1 5 1
0.13180774487304686
0.011068582534790039
fb_affine1 6 1
0.16272372044372557
0.011121988296508789
fb_affine1 7 1
0.22233146466064452
0.011388778686523438
fb_affine1 8 1
0.3425258997802734
0.011292219161987305
fb_affine1 9 1
0.5801400545959473
0.011244058609008789
fb_affine10 1 10
0.13385242260742186
0.011994600296020508
fb_affine10 10 10
2.594789922607422
0.013966560363769531
fb_affine10 2 10
0.1582421664123535
0.012462139129638672
fb_affine10 3 10
0.2041873339538574
0.012751102447509766
fb_affine10 4 10
0.2764698866729736
0.012707233428955078
fb_affine10 5 10
0.4373680952911377
0.01292872428894043
fb_affine10 6 10
0.7351493243103028
0.012958765029907227
fb_affine10 7 10
1.328768909347534
0.01300358772277832
fb_affine10 8 10
2.5157029036407472
0.01370096206665039
fb_affine10 9 10
2.48789137638855
0.013515233993530273
fb_affine2 1 2
0.1034769419555664
0.011002063751220703
fb_affine2 10 2
2.102982938659668
0.011867523193359375
fb_affine2 2 2
0.10980123318481445
0.011325597763061523
fb_affine2 3 2
0.11751002110290527
0.011157035827636719
fb_affine2 4 2
0.13645762242126463
0.01164865493774414
fb_affine2 5 2
0.165123880279541
0.01134490966796875
fb_affine2 6 2
0.22459238804626463
0.01121973991394043
fb_affine2 7 2
0.34655755795288085
0.011394739151000977
fb_affine2 8 2
0.5893689993743897
0.011465072631835938
fb_affine2 9 2
1.0773426894073486
0.011498689651489258
fb_affine3 1 3
0.1068331602935791
0.011050224304199219
fb_affine3 10 3
2.458277404678345
0.011835575103759766
fb_affine3 2 3
0.11784261502075195
0.011916875839233398
fb_affine3 3 3
0.12721341885375975
0.011314153671264648
fb_affine3 4 3
0.152153909576416
0.011249542236328125
fb_affine3 5 3
0.1983703974609375
0.01140904426574707
fb_affine3 6 3
0.2886127833251953
0.011641740798950195
fb_affine3 7 3
0.4763106707458496
0.011862754821777344
fb_affine3 8 3
0.8332549933319092
0.01171255111694336
fb_affine3 9 3
1.5707034472351074
0.011985301971435547
fb_affine4 1 4
0.11100095547485352
0.011426925659179688
fb_affine4 10 4
2.503462732208252
0.012426376342773438
fb_affine4 2 4
0.12112873829650879
0.011654138565063477
fb_affine4 3 4
0.13728803433227538
0.011351823806762695
fb_affine4 4 4
0.16950815953063963
0.011617422103881836
fb_affine4 5 4
0.23167032040405272
0.01157522201538086
fb_affine4 6 4
0.3538898829345703
0.011738061904907227
fb_affine4 7 4
0.6005718115692139
0.012094497680664062
fb_affine4 8 4
1.1843954924468993
0.012938737869262695
fb_affine4 9 4
2.2230758074645998
0.012856721878051758
fb_affine5 1 5
0.1174234751586914
0.012029409408569336
fb_affine5 10 5
2.6888033751373293
0.013724803924560547
fb_affine5 2 5
0.12658876217651366
0.011463642120361328
fb_affine5 3 5
0.14851635731506346
0.011754512786865234
fb_affine5 4 5
0.1967715624694824
0.012437582015991211
fb_affine5 5 5
0.26748412884521483
0.011873483657836914
fb_affine5 6 5
0.4399184588317871
0.01269388198852539
fb_affine5 7 5
0.7301139239196778
0.012328624725341797
fb_affine5 8 5
1.429603517425537
0.01307368278503418
fb_affine5 9 5
2.4852072600250246
0.012370586395263672
fb_affine6 1 6
0.12260621823120117
0.012288570404052734
fb_affine6 10 6
2.5287064913635255
0.012861013412475586
fb_affine6 2 6
0.13216823376464842
0.011527299880981445
fb_affine6 3 6
0.15833991802978514
0.01174783706665039
fb_affine6 4 6
0.2053307894592285
0.01196146011352539
fb_affine6 5 6
0.29893273152160643
0.011967897415161133
fb_affine6 6 6
0.4784476164703369
0.012189388275146484
fb_affine6 7 6
0.8716823462371827
0.012591123580932617
fb_affine6 8 6
1.5827373865966796
0.01255941390991211
fb_affine6 9 6
2.457916677368164
0.012632131576538086
fb_affine7 1 7
0.1221079234008789
0.01164865493774414
fb_affine7 10 7
2.6837362650756837
0.013733386993408203
fb_affine7 2 7
0.1408786181335449
0.01209878921508789
fb_affine7 3 7
0.17687743939208983
0.012927055358886719
fb_affine7 4 7
0.22359150685119628
0.012255668640136719
fb_affine7 5 7
0.33572763241577147
0.012265682220458984
fb_affine7 6 7
0.5818778876190186
0.013175249099731445
fb_affine7 7 7
0.9819068316345215
0.012943267822265625
fb_affine7 8 7
1.9607178572540283
0.01357889175415039
fb_affine7 9 7
2.4979187849884035
0.012939453125
fb_affine8 1 8
0.12628597058105467
0.011790275573730469
fb_affine8 10 8
2.5444106463317873
0.013497114181518555
fb_affine8 2 8
0.1469959620361328
0.01221776008605957
fb_affine8 3 8
0.18019622601318358
0.01243448257446289
fb_affine8 4 8
0.24359124935913085
0.012262821197509766
fb_affine8 5 8
0.3656703833465576
0.012497425079345703
fb_affine8 6 8
0.6507036093597413
0.013667583465576172
fb_affine8 7 8
1.0924910906677245
0.012751102447509766
fb_affine8 8 8
2.046476066482544
0.012900829315185547
fb_affine8 9 8
2.6581711176757814
0.013919830322265625
fb_affine9 1 9
0.13098281658935546
0.012193679809570312
fb_affine9 10 9
2.4885551337127687
0.013465642929077148
fb_affine9 2 9
0.15005153454589842
0.012166500091552734
fb_affine9 3 9
0.19592207707214354
0.013095617294311523
fb_affine9 4 9
0.2590567473297119
0.01250910758972168
fb_affine9 5 9
0.400245368850708
0.012696266174316406
fb_affine9 6 9
0.7343763712768555
0.013676643371582031
fb_affine9 7 9
1.301624477279663
0.013671636581420898
fb_affine9 8 9
2.3873118761901857
0.013328313827514648
fb_affine9 9 9
2.7148947123413087
0.01427602767944336
fb_maxpool1 1 1
0.07515872497558593
0.013972282409667969
fb_maxpool1 10 1
0.07541240234374999
0.01483774185180664
fb_maxpool1 2 1
0.0757485725402832
0.015208959579467773
fb_maxpool1 3 1
0.07539332885742187
0.014710664749145508
fb_maxpool1 4 1
0.07538975257873534
0.01425027847290039
fb_maxpool1 5 1
0.07574380416870116
0.01428365707397461
fb_maxpool1 6 1
0.0753687717437744
0.01423501968383789
fb_maxpool1 7 1
0.07507456321716308
0.014716863632202148
fb_maxpool1 8 1
0.07540668029785155
0.014228343963623047
fb_maxpool1 9 1
0.07689178962707519
0.014243125915527344
fb_maxpool10 1 10
0.09250486869812011
0.08978486061096191
fb_maxpool10 10 10
0.09269226570129394
0.09003424644470215
fb_maxpool10 2 10
0.09502352256774901
0.09103608131408691
fb_maxpool10 3 10
0.09269894142150878
0.0900416374206543
fb_maxpool10 4 10
0.09447062988281249
0.09103012084960938
fb_maxpool10 5 10
0.09246815223693847
0.09081220626831055
fb_maxpool10 6 10
0.09229815979003905
0.09289693832397461
fb_maxpool10 7 10
0.09353745956420897
0.0911719799041748
fb_maxpool10 8 10
0.09252680320739745
0.09159612655639648
fb_maxpool10 9 10
0.0947476722717285
0.0910041332244873
fb_maxpool2 1 2
0.07840789337158202
0.015525579452514648
fb_maxpool2 10 2
0.07686556358337401
0.01475381851196289
fb_maxpool2 2 2
0.07707108039855956
0.014836311340332031
fb_maxpool2 3 2
0.07694376487731933
0.014206409454345703
fb_maxpool2 4 2
0.07689918060302733
0.014754056930541992
fb_maxpool2 5 2
0.07643354911804198
0.0142974853515625
fb_maxpool2 6 2
0.07683814544677733
0.014909744262695312
fb_maxpool2 7 2
0.07669890899658202
0.01445317268371582
fb_maxpool2 8 2
0.07775128860473632
0.015272140502929688
fb_maxpool2 9 2
0.07680429000854491
0.014650583267211914
fb_maxpool3 1 3
0.07831014175415038
0.015090227127075195
fb_maxpool3 10 3
0.07830942649841308
0.015206336975097656
fb_maxpool3 2 3
0.07892025489807128
0.015450477600097656
fb_maxpool3 3 3
0.0785724021911621
0.015126705169677734
fb_maxpool3 4 3
0.07809055824279784
0.015497207641601562
fb_maxpool3 5 3
0.07848537940979003
0.015262603759765625
fb_maxpool3 6 3
0.07861054916381835
0.0157470703125
fb_maxpool3 7 3
0.07852948684692382
0.015377521514892578
fb_maxpool3 8 3
0.07833541412353515
0.015032052993774414
fb_maxpool3 9 3
0.07792461891174315
0.014918327331542969
fb_maxpool4 1 4
0.07995499153137206
0.015794038772583008
fb_maxpool4 10 4
0.07977331657409667
0.015387535095214844
fb_maxpool4 2 4
0.08067453880310058
0.01581096649169922
fb_maxpool4 3 4
0.08021296043395995
0.016387462615966797
fb_maxpool4 4 4
0.07982958335876464
0.01557469367980957
fb_maxpool4 5 4
0.0795937873840332
0.015522956848144531
fb_maxpool4 6 4
0.08028782386779784
0.016245126724243164
fb_maxpool4 7 4
0.08146561164855956
0.0163877010345459
fb_maxpool4 8 4
0.08027232666015624
0.016056060791015625
fb_maxpool4 9 4
0.07971037406921386
0.015613079071044922
fb_maxpool5 1 5
0.08203495521545409
0.017818450927734375
fb_maxpool5 10 5
0.0817614891052246
0.01673603057861328
fb_maxpool5 2 5
0.08414877433776854
0.01678323745727539
fb_maxpool5 3 5
0.08134783287048339
0.016922473907470703
fb_maxpool5 4 5
0.08182919998168944
0.016441822052001953
fb_maxpool5 5 5
0.08185113449096679
0.01683783531188965
fb_maxpool5 6 5
0.08247245330810546
0.017086505889892578
fb_maxpool5 7 5
0.08189023513793944
0.01703333854675293
fb_maxpool5 8 5
0.08200920600891112
0.01679253578186035
fb_maxpool5 9 5
0.08210886497497558
0.016867637634277344
fb_maxpool6 1 6
0.08378590126037597
0.018639564514160156
fb_maxpool6 10 6
0.08428729553222655
0.019030094146728516
fb_maxpool6 2 6
0.08395565528869628
0.019028425216674805
fb_maxpool6 3 6
0.08388913650512694
0.01914834976196289
fb_maxpool6 4 6
0.08384240646362304
0.019298553466796875
fb_maxpool6 5 6
0.08382357139587401
0.0186460018157959
fb_maxpool6 6 6
0.08416284103393554
0.019473791122436523
fb_maxpool6 7 6
0.08576072235107421
0.019476890563964844
fb_maxpool6 8 6
0.08399618644714354
0.018817901611328125
fb_maxpool6 9 6
0.08646286506652831
0.019628047943115234
fb_maxpool7 1 7
0.08761085052490233
0.023024797439575195
fb_maxpool7 10 7
0.08568156738281249
0.022296905517578125
fb_maxpool7 2 7
0.08651245613098144
0.02189159393310547
fb_maxpool7 3 7
0.0862010814666748
0.022464990615844727
fb_maxpool7 4 7
0.08546484489440917
0.02220463752746582
fb_maxpool7 5 7
0.0857137538909912
0.022417306900024414
fb_maxpool7 6 7
0.08740366477966308
0.022877931594848633
fb_maxpool7 7 7
0.08796275634765624
0.0221402645111084
fb_maxpool7 8 7
0.09287370223999022
0.024618148803710938
fb_maxpool7 9 7
0.08606899757385253
0.022373437881469727
fb_maxpool8 1 8
0.08867133636474608
0.030822277069091797
fb_maxpool8 10 8
0.0879103042602539
0.02899003028869629
fb_maxpool8 2 8
0.08796943206787108
0.028438568115234375
fb_maxpool8 3 8
0.08764828224182128
0.028213024139404297
fb_maxpool8 4 8
0.08750952262878417
0.027974367141723633
fb_maxpool8 5 8
0.08783281822204589
0.02820873260498047
fb_maxpool8 6 8
0.08765877265930175
0.028296947479248047
fb_maxpool8 7 8
0.08813155670166015
0.02848219871520996
fb_maxpool8 8 8
0.08790029067993163
0.02830672264099121
fb_maxpool8 9 8
0.08877242584228515
0.029435396194458008
fb_maxpool9 1 9
0.09395946044921874
0.04500436782836914
fb_maxpool9 10 9
0.08996785659790038
0.044986724853515625
fb_maxpool9 2 9
0.09025300521850585
0.04348397254943848
fb_maxpool9 3 9
0.09224642295837401
0.04373025894165039
fb_maxpool9 4 9
0.09014857788085937
0.043749094009399414
fb_maxpool9 5 9
0.09081328887939452
0.04371047019958496
fb_maxpool9 6 9
0.09083331604003905
0.044321537017822266
fb_maxpool9 7 9
0.09126294631958007
0.04625368118286133
fb_maxpool9 8 9
0.09001244087219237
0.04497122764587402
fb_maxpool9 9 9
0.09161270637512206
0.04421210289001465
fb_relu1 1 1
0.21578464447021484
0.05287957191467285
fb_relu1 10 1
0.2173052781677246
0.05408048629760742
fb_relu1 2 1
0.2182219976043701
0.05314278602600098
fb_relu1 3 1
0.21781907020568847
0.054039955139160156
fb_relu1 4 1
0.2188325875854492
0.05517315864562988
fb_relu1 5 1
0.21616921363830566
0.05331897735595703
fb_relu1 6 1
0.22085008560180663
0.05492830276489258
fb_relu1 7 1
0.21755442558288574
0.05478525161743164
fb_relu1 8 1
0.22071227966308593
0.05444025993347168
fb_relu1 9 1
0.2156716340637207
0.05298113822937012
fb_relu10 1 10
0.23561963973999023
0.06181168556213379
fb_relu10 10 10
0.23829588829040527
0.061985015869140625
fb_relu10 2 10
0.23834166465759277
0.06210041046142578
fb_relu10 3 10
0.23460326133728027
0.060274600982666016
fb_relu10 4 10
0.23577151237487792
0.06085395812988281
fb_relu10 5 10
0.23738775192260742
0.06295132637023926
fb_relu10 6 10
0.2335840219116211
0.06089329719543457
fb_relu10 7 10
0.2363923543548584
0.06170916557312012
fb_relu10 8 10
0.23710069595336913
0.061287879943847656
fb_relu10 9 10
0.23870310722351074
0.06100106239318848
fb_relu2 1 2
0.2313436025238037
0.05934476852416992
fb_relu2 10 2
0.21776828704833984
0.05476784706115723
fb_relu2 2 2
0.21917543350219726
0.05605912208557129
fb_relu2 3 2
0.22625026641845702
0.058380842208862305
fb_relu2 4 2
0.21723422943115234
0.05381178855895996
fb_relu2 5 2
0.22028384147644042
0.053763389587402344
fb_relu2 6 2
0.22006211219787597
0.05466198921203613
fb_relu2 7 2
0.2193170541381836
0.05490279197692871
fb_relu2 8 2
0.22228798805236816
0.05454874038696289
fb_relu2 9 2
0.2188921922302246
0.05470609664916992
fb_relu3 1 3
0.21961603103637695
0.05491924285888672
fb_relu3 10 3
0.22086415229797363
0.0551607608795166
fb_relu3 2 3
0.22181734977722167
0.05692887306213379
fb_relu3 3 3
0.22025284706115722
0.05483102798461914
fb_relu3 4 3
0.2200380319213867
0.05548977851867676
fb_relu3 5 3
0.2210446351623535
0.05550885200500488
fb_relu3 6 3
0.22177014289855956
0.05670666694641113
fb_relu3 7 3
0.22851190505981445
0.05783486366271973
fb_relu3 8 3
0.221850966796875
0.05614924430847168
fb_relu3 9 3
0.2227502816772461
0.055965423583984375
fb_relu4 1 4
0.2246299737548828
0.05850958824157715
fb_relu4 10 4
0.22425470291137695
0.057741641998291016
fb_relu4 2 4
0.224630450592041
0.055748939514160156
fb_relu4 3 4
0.2229648583984375
0.05600738525390625
fb_relu4 4 4
0.22413525520324706
0.05675363540649414
fb_relu4 5 4
0.22530970512390136
0.05607008934020996
fb_relu4 6 4
0.2233940118408203
0.05815768241882324
fb_relu4 7 4
0.2268129342651367
0.056789398193359375
fb_relu4 8 4
0.22207007347106933
0.055579185485839844
fb_relu4 9 4
0.2239864820098877
0.05611062049865723
fb_relu5 1 5
0.2258959764099121
0.05820512771606445
fb_relu5 10 5
0.22828874526977538
0.05900287628173828
fb_relu5 2 5
0.23085055290222167
0.0589907169342041
fb_relu5 3 5
0.22533926902770995
0.056470394134521484
fb_relu5 4 5
0.22588882385253906
0.057207345962524414
fb_relu5 5 5
0.22468385635375976
0.055681705474853516
fb_relu5 6 5
0.2251795285797119
0.056409597396850586
fb_relu5 7 5
0.23136744438171386
0.059398651123046875
fb_relu5 8 5
0.2273620122528076
0.05661797523498535
fb_relu5 9 5
0.23002657829284667
0.05822300910949707
fb_relu6 1 6
0.22733673988342284
0.05868983268737793
fb_relu6 10 6
0.22622570930480956
0.05682635307312012
fb_relu6 2 6
0.23003683029174804
0.05866241455078125
fb_relu6 3 6
0.23496255813598632
0.06026911735534668
fb_relu6 4 6
0.2295258992767334
0.05928182601928711
fb_relu6 5 6
0.2265358918762207
0.05724596977233887
fb_relu6 6 6
0.23887548385620117
0.06252074241638184
fb_relu6 7 6
0.22802147804260253
0.05779719352722168
fb_relu6 8 6
0.22796831069946288
0.05861091613769531
fb_relu6 9 6
0.23012814460754394
0.05790281295776367
fb_relu7 1 7
0.2326267713165283
0.061867475509643555
fb_relu7 10 7
0.23448047576904296
0.06049776077270508
fb_relu7 2 7
0.2292827123260498
0.05839204788208008
fb_relu7 3 7
0.23075232444763183
0.0611269474029541
fb_relu7 4 7
0.23105964599609374
0.06201601028442383
fb_relu7 5 7
0.23158941207885742
0.060518741607666016
fb_relu7 6 7
0.24143562255859374
0.06301212310791016
fb_relu7 7 7
0.23124775825500488
0.06069374084472656
fb_relu7 8 7
0.22914299903869628
0.05885195732116699
fb_relu7 9 7
0.23136982856750488
0.059535980224609375
fb_relu8 1 8
0.23219022689819335
0.06074261665344238
fb_relu8 10 8
0.23284110961914062
0.060355186462402344
fb_relu8 2 8
0.2365900033569336
0.06064629554748535
fb_relu8 3 8
0.2322259896850586
0.061498165130615234
fb_relu8 4 8
0.23119649826049804
0.05976748466491699
fb_relu8 5 8
0.23296794830322265
0.06038022041320801
fb_relu8 6 8
0.23118028579711913
0.059477806091308594
fb_relu8 7 8
0.23420009552001952
0.061519622802734375
fb_relu8 8 8
0.23522195755004882
0.060919761657714844
fb_relu8 9 8
0.23318324028015136
0.061490535736083984
fb_relu9 1 9
0.2366515153503418
0.06145429611206055
fb_relu9 10 9
0.2361169808959961
0.06267380714416504
fb_relu9 2 9
0.23580965934753417
0.06186318397521973
fb_relu9 3 9
0.23774800239562988
0.06016850471496582
fb_relu9 4 9
0.23838243423461913
0.06197237968444824
fb_relu9 5 9
0.23895988403320312
0.0607762336730957
fb_relu9 6 9
0.23310313163757324
0.0604705810546875
fb_relu9 7 9
0.24276122985839843
0.06460094451904297
fb_relu9 8 9
0.23549041687011718
0.059844017028808594
fb_relu9 9 9
0.23538265167236327
0.06105375289916992
ibp_affine1 1 1
0.10435092552185059
0.006630420684814453
ibp_affine1 10 1
0.10299980743408203
0.006270408630371094
ibp_affine1 2 1
0.10293209655761719
0.006189823150634766
ibp_affine1 3 1
0.10278856857299805
0.006239414215087891
ibp_affine1 4 1
0.10433495147705078
0.0066149234771728516
ibp_affine1 5 1
0.10284364326477051
0.006159782409667969
ibp_affine1 6 1
0.10293710334777832
0.006176471710205078
ibp_affine1 7 1
0.1028126488494873
0.0061991214752197266
ibp_affine1 8 1
0.10277474029541016
0.006226539611816406
ibp_affine1 9 1
0.10279834373474121
0.006221294403076172
ibp_affine10 1 10
0.08383
0
ibp_affine2 1 2
0.10391485794067383
0.007100105285644531
ibp_affine2 10 2
0.10383641822814942
0.007132291793823242
ibp_affine2 2 2
0.10404193504333496
0.007067441940307617
ibp_affine2 3 2
0.10549342735290528
0.007702827453613281
ibp_affine2 4 2
0.10402619941711426
0.0070972442626953125
ibp_affine2 5 2
0.1040927182006836
0.0071489810943603516
ibp_affine2 6 2
0.10413277252197266
0.007142782211303711
ibp_affine2 7 2
0.10432064636230469
0.007193326950073242
ibp_affine2 8 2
0.10430228813171387
0.007151603698730469
ibp_affine2 9 2
0.10423410041809082
0.0072252750396728516
ibp_affine3 1 3
0.10701334579467774
0.01010751724243164
ibp_affine3 10 3
0.10530865295410156
0.009429931640625
ibp_affine3 2 3
0.10574305160522461
0.009590625762939453
ibp_affine3 3 3
0.10538399322509766
0.009400129318237305
ibp_affine3 4 3
0.10549914939880371
0.009453773498535156
ibp_affine3 5 3
0.10593617065429688
0.009694576263427734
ibp_affine3 6 3
0.10546004875183106
0.0094451904296875
ibp_affine3 7 3
0.10533344848632813
0.009363651275634766
ibp_affine3 8 3
0.10541188819885254
0.00925898551940918
ibp_affine3 9 3
0.10557091339111328
0.009439945220947266
ibp_affine4 1 4
0.1080006371307373
0.018779277801513672
ibp_affine4 10 4
0.10727036102294922
0.018275737762451172
ibp_affine4 2 4
0.1091436157989502
0.01985931396484375
ibp_affine4 3 4
0.10759008033752442
0.018655776977539062
ibp_affine4 4 4
0.10748636825561524
0.018421649932861328
ibp_affine4 5 4
0.10785377128601074
0.018872976303100586
ibp_affine4 6 4
0.10757601364135742
0.018401622772216797
ibp_affine4 7 4
0.10738766296386719
0.018453598022460938
ibp_affine4 8 4
0.10757529838562012
0.01880192756652832
ibp_affine4 9 4
0.10768807037353516
0.018790483474731445
ibp_affine5 1 5
0.1113251457977295
0.06317901611328125
ibp_affine5 10 5
0.11034739120483399
0.06071615219116211
ibp_affine5 2 5
0.11038029296875
0.061151742935180664
ibp_affine5 3 5
0.11009228332519531
0.05976080894470215
ibp_affine5 4 5
0.11063110931396485
0.06181931495666504
ibp_affine5 5 5
0.11035835845947266
0.061011314392089844
ibp_affine5 6 5
0.11039674385070801
0.06045842170715332
ibp_affine5 7 5
0.11014974220275879
0.05995512008666992
ibp_affine5 8 5
0.11030590637207031
0.060334205627441406
ibp_affine5 9 5
0.11273300750732422
0.06556177139282227
ibp_affine6 1 6
0.11549794776916504
0.313854455947876
ibp_affine6 10 6
0.11786258323669434
0.33539342880249023
ibp_affine6 2 6
0.11532604797363281
0.30702996253967285
ibp_affine6 3 6
0.11797416313171387
0.33634066581726074
ibp_affine6 4 6
0.11516082389831543
0.31145429611206055
ibp_affine6 5 6
0.11501681907653809
0.3102550506591797
ibp_affine6 6 6
0.11777412994384766
0.33643436431884766
ibp_affine6 7 6
0.11787688835144043
0.33645176887512207
ibp_affine6 8 6
0.11576187713623047
0.3157641887664795
ibp_affine6 9 6
0.1175669441986084
0.3394763469696045
ibp_affine7 1 7
0.12418234451293945
2.246405839920044
ibp_affine7 10 7
0.1233509789276123
2.1783576011657715
ibp_affine7 2 7
0.12666761978149416
2.4033517837524414
ibp_affine7 3 7
0.12689983947753908
2.390829563140869
ibp_affine7 4 7
0.12431967361450195
2.24613356590271
ibp_affine7 5 7
0.12349808319091797
2.1805529594421387
ibp_affine7 6 7
0.1268898258972168
2.40067720413208
ibp_affine7 7 7
0.1240667115020752
2.234774112701416
ibp_affine7 8 7
0.1267355690765381
2.3942534923553467
ibp_affine7 9 7
0.12675392730712892
2.384093761444092
ibp_affine8 1 8
0.08383
0
ibp_affine9 1 9
0.08383
0
ibp_maxpool1 1 1
0.08501613464355469
0.007634401321411133
ibp_maxpool1 10 1
0.08529603805541992
0.007380247116088867
ibp_maxpool1 2 1
0.08502447929382324
0.007704496383666992
ibp_maxpool1 3 1
0.08509648170471192
0.007405757904052734
ibp_maxpool1 4 1
0.08498847808837891
0.00720524787902832
ibp_maxpool1 5 1
0.0859946044921875
0.008383750915527344
ibp_maxpool1 6 1
0.08543789710998535
0.007815837860107422
ibp_maxpool1 7 1
0.08635294761657715
0.0077135562896728516
ibp_maxpool1 8 1
0.08506691780090332
0.007580995559692383
ibp_maxpool1 9 1
0.08522689666748047
0.007699012756347656
ibp_maxpool10 1 10
0.10591399993896485
0.1986250877380371
ibp_maxpool10 10 10
0.10571348991394043
0.19374799728393555
ibp_maxpool10 2 10
0.10536563720703125
0.1973581314086914
ibp_maxpool10 3 10
0.10749543037414551
0.19402527809143066
ibp_maxpool10 4 10
0.1062728199005127
0.2005023956298828
ibp_maxpool10 5 10
0.10560548629760742
0.19652128219604492
ibp_maxpool10 6 10
0.1052516731262207
0.1966862678527832
ibp_maxpool10 7 10
0.10583937492370606
0.19449329376220703
ibp_maxpool10 8 10
0.10509670104980469
0.19547057151794434
ibp_maxpool10 9 10
0.10521495666503906
0.19258546829223633
ibp_maxpool2 1 2
0.0860091480255127
0.008033037185668945
ibp_maxpool2 10 2
0.08593786087036133
0.007812023162841797
ibp_maxpool2 2 2
0.0860554012298584
0.007897377014160156
ibp_maxpool2 3 2
0.08598864402770996
0.008392333984375
ibp_maxpool2 4 2
0.08617890205383301
0.008475780487060547
ibp_maxpool2 5 2
0.08587849464416504
0.00870513916015625
ibp_maxpool2 6 2
0.08600366439819336
0.008753061294555664
ibp_maxpool2 7 2
0.08592140998840332
0.008192777633666992
ibp_maxpool2 8 2
0.08589613761901856
0.007787466049194336
ibp_maxpool2 9 2
0.0859478744506836
0.008143901824951172
ibp_maxpool3 1 3
0.08701813545227051
0.009181499481201172
ibp_maxpool3 10 3
0.0872598918914795
0.009350061416625977
ibp_maxpool3 2 3
0.0884960922241211
0.00956416130065918
ibp_maxpool3 3 3
0.08724677886962891
0.00914311408996582
ibp_maxpool3 4 3
0.08716786231994629
0.009090662002563477
ibp_maxpool3 5 3
0.08731091346740723
0.009122371673583984
ibp_maxpool3 6 3
0.08721244659423828
0.009387969970703125
ibp_maxpool3 7 3
0.08750307884216309
0.008843660354614258
ibp_maxpool3 8 3
0.08724868621826172
0.009214162826538086
ibp_maxpool3 9 3
0.08762920227050781
0.00904083251953125
ibp_maxpool4 1 4
0.08898699607849121
0.01088571548461914
ibp_maxpool4 10 4
0.08873689498901367
0.010518312454223633
ibp_maxpool4 2 4
0.08908045616149902
0.01077413558959961
ibp_maxpool4 3 4
0.08884299125671387
0.01004481315612793
ibp_maxpool4 4 4
0.08902657356262207
0.010995149612426758
ibp_maxpool4 5 4
0.08900249328613281
0.010865211486816406
ibp_maxpool4 6 4
0.08869302597045899
0.010954141616821289
ibp_maxpool4 7 4
0.08888280715942383
0.011217117309570312
ibp_maxpool4 8 4
0.08877313461303711
0.010759830474853516
ibp_maxpool4 9 4
0.0890151294708252
0.01056671142578125
ibp_maxpool5 1 5
0.09069121208190918
0.014430999755859375
ibp_maxpool5 10 5
0.09079158630371094
0.014028549194335938
ibp_maxpool5 2 5
0.09197032775878906
0.014145135879516602
ibp_maxpool5 3 5
0.09117472496032715
0.014045953750610352
ibp_maxpool5 4 5
0.09216201629638672
0.014400482177734375
ibp_maxpool5 5 5
0.09060895767211914
0.013857126235961914
ibp_maxpool5 6 5
0.09076726760864258
0.013894796371459961
ibp_maxpool5 7 5
0.09058916893005371
0.013608932495117188
ibp_maxpool5 8 5
0.09196579780578613
0.015187740325927734
ibp_maxpool5 9 5
0.09113204803466797
0.013776779174804688
ibp_maxpool6 1 6
0.0929671558380127
0.019872665405273438
ibp_maxpool6 10 6
0.09274733390808106
0.019603729248046875
ibp_maxpool6 2 6
0.09274447288513184
0.019844532012939453
ibp_maxpool6 3 6
0.09295571174621582
0.01996898651123047
ibp_maxpool6 4 6
0.09273183670043945
0.019701480865478516
ibp_maxpool6 5 6
0.09323513832092285
0.019893884658813477
ibp_maxpool6 6 6
0.09297955360412598
0.019568204879760742
ibp_maxpool6 7 6
0.09315669860839844
0.019625186920166016
ibp_maxpool6 8 6
0.09326970901489258
0.021346569061279297
ibp_maxpool6 9 6
0.09302509155273438
0.019472122192382812
ibp_maxpool7 1 7
0.09518206443786621
0.03336501121520996
ibp_maxpool7 10 7
0.09654271926879883
0.034380197525024414
ibp_maxpool7 2 7
0.09560478057861328
0.031054973602294922
ibp_maxpool7 3 7
0.09554970588684082
0.031099796295166016
ibp_maxpool7 4 7
0.09512698974609375
0.031069278717041016
ibp_maxpool7 5 7
0.09579861488342285
0.03133559226989746
ibp_maxpool7 6 7
0.09571063842773438
0.031327009201049805
ibp_maxpool7 7 7
0.09535801734924317
0.031034231185913086
ibp_maxpool7 8 7
0.09563935127258301
0.03079819679260254
ibp_maxpool7 9 7
0.09517753448486328
0.03038954734802246
ibp_maxpool8 1 8
0.09821331825256348
0.04835152626037598
ibp_maxpool8 10 8
0.1004444393157959
0.04840826988220215
ibp_maxpool8 2 8
0.09835636940002442
0.048639774322509766
ibp_maxpool8 3 8
0.09854066696166992
0.04733991622924805
ibp_maxpool8 4 8
0.0990856918334961
0.048415422439575195
ibp_maxpool8 5 8
0.09779990043640137
0.04829883575439453
ibp_maxpool8 6 8
0.09888089027404785
0.04810619354248047
ibp_maxpool8 7 8
0.09817731704711914
0.047609567642211914
ibp_maxpool8 8 8
0.10062325325012207
0.05202126502990723
ibp_maxpool8 9 8
0.09887922134399414
0.04855751991271973
ibp_maxpool9 1 9
0.10257852401733399
0.09226250648498535
ibp_maxpool9 10 9
0.10165489044189453
0.0917806625366211
ibp_maxpool9 2 9
0.10181963768005371
0.09286355972290039
ibp_maxpool9 3 9
0.10127842750549317
0.09175443649291992
ibp_maxpool9 4 9
0.10167181816101074
0.0932321548461914
ibp_maxpool9 5 9
0.10197198715209961
0.0914301872253418
ibp_maxpool9 6 9
0.1016498836517334
0.09213709831237793
ibp_maxpool9 7 9
0.10269558753967285
0.09312820434570312
ibp_maxpool9 8 9
0.10237372245788574
0.09240198135375977
ibp_maxpool9 9 9
0.10189926948547363
0.09195399284362793
ibp_relu1 1 1
0.13733588760375975
0.020676136016845703
ibp_relu1 10 1
0.13865863388061522
0.02167534828186035
ibp_relu1 2 1
0.13687740867614745
0.02077174186706543
ibp_relu1 3 1
0.14052330558776854
0.021718740463256836
ibp_relu1 4 1
0.136716714553833
0.020349740982055664
ibp_relu1 5 1
0.13684593742370604
0.02054119110107422
ibp_relu1 6 1
0.13687788551330565
0.020829439163208008
ibp_relu1 7 1
0.13683210914611815
0.02089691162109375
ibp_relu1 8 1
0.13808142250061034
0.02124619483947754
ibp_relu1 9 1
0.13707982604980468
0.0203857421875
ibp_relu10 1 10
0.1368678719329834
0.020789384841918945
ibp_relu10 10 10
0.13715731208801268
0.02117133140563965
ibp_relu10 2 10
0.13684546058654784
0.021178483963012695
ibp_relu10 3 10
0.1371904522705078
0.020766496658325195
ibp_relu10 4 10
0.13692723815917968
0.02037358283996582
ibp_relu10 5 10
0.13721524780273436
0.020796537399291992
ibp_relu10 6 10
0.137190929107666
0.020183801651000977
ibp_relu10 7 10
0.13647686546325682
0.020354032516479492
ibp_relu10 8 10
0.13680373733520507
0.0215301513671875
ibp_relu10 9 10
0.13683234756469725
0.020908832550048828
ibp_relu2 1 2
0.14283262794494628
0.02305126190185547
ibp_relu2 10 2
0.1451078564453125
0.024871349334716797
ibp_relu2 2 2
0.13876902168273925
0.021317720413208008
ibp_relu2 3 2
0.13718568389892577
0.020740270614624023
ibp_relu2 4 2
0.13850795333862304
0.02080392837524414
ibp_relu2 5 2
0.13625704353332518
0.020005226135253906
ibp_relu2 6 2
0.1392336994934082
0.021425247192382812
ibp_relu2 7 2
0.1372831970977783
0.02079033851623535
ibp_relu2 8 2
0.13702594345092772
0.021436691284179688
ibp_relu2 9 2
0.1368251950073242
0.020520687103271484
ibp_relu3 1 3
0.13624750679016112
0.020151615142822266
ibp_relu3 10 3
0.1369627625274658
0.020978450775146484
ibp_relu3 2 3
0.13797174995422362
0.021097898483276367
ibp_relu3 3 3
0.13797723358154296
0.02081012725830078
ibp_relu3 4 3
0.13786875312805175
0.02063918113708496
ibp_relu3 5 3
0.13827025001525878
0.020757198333740234
ibp_relu3 6 3
0.13680492942810057
0.021252155303955078
ibp_relu3 7 3
0.1396938473510742
0.02169179916381836
ibp_relu3 8 3
0.13733207290649413
0.020862817764282227
ibp_relu3 9 3
0.136733165435791
0.020435810089111328
ibp_relu4 1 4
0.1372047573852539
0.02008986473083496
ibp_relu4 10 4
0.13681708877563475
0.020178556442260742
ibp_relu4 2 4
0.13662802284240722
0.02057027816772461
ibp_relu4 3 4
0.13672744338989257
0.02042222023010254
ibp_relu4 4 4
0.1396614224243164
0.021571874618530273
ibp_relu4 5 4
0.1369160324859619
0.020045042037963867
ibp_relu4 6 4
0.13992606704711913
0.021666288375854492
ibp_relu4 7 4
0.13693868225097655
0.02085590362548828
ibp_relu4 8 4
0.13991414611816405
0.02182912826538086
ibp_relu4 9 4
0.1380280167388916
0.020875930786132812
ibp_relu5 1 5
0.136749616317749
0.020470380783081055
ibp_relu5 10 5
0.13739978378295897
0.02077937126159668
ibp_relu5 2 5
0.1383181721496582
0.02099895477294922
ibp_relu5 3 5
0.13827859466552733
0.021549463272094727
ibp_relu5 4 5
0.14241277282714843
0.0235292911529541
ibp_relu5 5 5
0.13687955444335936
0.020502090454101562
ibp_relu5 6 5
0.13765727584838866
0.021258831024169922
ibp_relu5 7 5
0.1380137116241455
0.021247386932373047
ibp_relu5 8 5
0.13687407081604003
0.021606922149658203
ibp_relu5 9 5
0.13664924209594725
0.020401477813720703
ibp_relu6 1 6
0.1367164761352539
0.02060556411743164
ibp_relu6 10 6
0.13624702995300292
0.020165681838989258
ibp_relu6 2 6
0.1364568383026123
0.01987624168395996
ibp_relu6 3 6
0.13936196868896483
0.020717859268188477
ibp_relu6 4 6
0.1367155224609375
0.020255565643310547
ibp_relu6 5 6
0.13669764106750487
0.020777225494384766
ibp_relu6 6 6
0.13698016708374022
0.02066946029663086
ibp_relu6 7 6
0.136505475692749
0.02079033851623535
ibp_relu6 8 6
0.1367925316619873
0.02046036720275879
ibp_relu6 9 6
0.13672887390136718
0.020458221435546875
ibp_relu7 1 7
0.13714014595031737
0.020717859268188477
ibp_relu7 10 7
0.13812839096069335
0.021655559539794922
ibp_relu7 2 7
0.13738166397094725
0.02097320556640625
ibp_relu7 3 7
0.13649069374084472
0.020818233489990234
ibp_relu7 4 7
0.13651143615722655
0.020450353622436523
ibp_relu7 5 7
0.13938366477966307
0.0220334529876709
ibp_relu7 6 7
0.13788949554443358
0.021678924560546875
ibp_relu7 7 7
0.1418305546569824
0.022701263427734375
ibp_relu7 8 7
0.1370550305175781
0.020419597625732422
ibp_relu7 9 7
0.13730989997863768
0.020597219467163086
ibp_relu8 1 8
0.13669334953308104
0.02047562599182129
ibp_relu8 10 8
0.137312999420166
0.0209653377532959
ibp_relu8 2 8
0.14105712478637694
0.023444175720214844
ibp_relu8 3 8
0.13655935829162597
0.020563125610351562
ibp_relu8 4 8
0.13688766067504882
0.02103424072265625
ibp_relu8 5 8
0.13672386711120604
0.02065563201904297
ibp_relu8 6 8
0.13701259201049804
0.020819902420043945
ibp_relu8 7 8
0.13678752487182616
0.020750761032104492
ibp_relu8 8 8
0.13701283042907714
0.020712614059448242
ibp_relu8 9 8
0.13668381278991698
0.020430326461791992
ibp_relu9 1 9
0.1372209698486328
0.021033525466918945
ibp_relu9 10 9
0.1371585041809082
0.021135568618774414
ibp_relu9 2 9
0.1368831307220459
0.021352291107177734
ibp_relu9 3 9
0.13676797454833983
0.02029728889465332
ibp_relu9 4 9
0.1389592797088623
0.02152228355407715
ibp_relu9 5 9
0.13682090347290038
0.021231651306152344
ibp_relu9 6 9
0.13908492630004882
0.021190881729125977
ibp_relu9 7 9
0.13670956199645995
0.020989179611206055
ibp_relu9 8 9
0.1372655541229248
0.020937442779541016
ibp_relu9 9 9
0.13699876373291014
0.02053523063659668
polyzono_affine1 1 1
0.3409615335083008
0.019625425338745117
polyzono_affine1 2 1
0.3474822816467285
0.021436214447021484
polyzono_affine1 3 1
0.3565328893280029
0.027684926986694336
polyzono_affine1 4 1
0.36014063926696777
0.03887605667114258
polyzono_affine1 5 1
0.370723801574707
0.08605027198791504
polyzono_affine1 6 1
0.38006504150390624
0.31572532653808594
polyzono_affine1 7 1
0.3951967534637451
1.8301267623901367
polyzono_affine1 8 1
0.13021
0
polyzono_affine10 1 10
0.38539012046813964
0.024039506912231445
polyzono_affine10 2 10
0.3890004930114746
0.025334596633911133
polyzono_affine10 3 10
0.3817060765838623
0.036942481994628906
polyzono_affine10 4 10
0.38990839096069335
0.065093994140625
polyzono_affine10 5 10
0.3992536840057373
0.38126587867736816
polyzono_affine10 6 10
0.42427356811523437
2.6838793754577637
polyzono_affine10 7 10
0.13021
0
polyzono_affine10 8 10
0.13021
0
polyzono_affine2 1 2
0.34037621589660644
0.019520044326782227
polyzono_affine2 2 2
0.3497062501525879
0.022261857986450195
polyzono_affine2 3 2
0.35807545753479003
0.027589797973632812
polyzono_affine2 4 2
0.36407573791503905
0.0392153263092041
polyzono_affine2 5 2
0.37305958839416503
0.08854484558105469
polyzono_affine2 6 2
0.3836751756286621
0.31929826736450195
polyzono_affine2 7 2
0.40681751342773437
1.8679819107055664
polyzono_affine2 8 2
0.13021
0
polyzono_affine3 1 3
0.3433922109222412
0.0205078125
polyzono_affine3 2 3
0.3493603047943115
0.022776365280151367
polyzono_affine3 3 3
0.35813983055114745
0.02801990509033203
polyzono_affine3 4 3
0.36500723930358886
0.038739681243896484
polyzono_affine3 5 3
0.3701434907531738
0.08725810050964355
polyzono_affine3 6 3
0.384360390625
0.3216381072998047
polyzono_affine3 7 3
0.4067648229217529
1.84576416015625
polyzono_affine3 8 3
0.13021
0
polyzono_affine4 1 4
0.3486564931488037
0.020206689834594727
polyzono_affine4 2 4
0.3569148358917236
0.02251577377319336
polyzono_affine4 3 4
0.36482270332336425
0.032187700271606445
polyzono_affine4 4 4
0.37014849754333495
0.03878450393676758
polyzono_affine4 5 4
0.3754692849731445
0.08663511276245117
polyzono_affine4 6 4
0.3862832364654541
0.3161005973815918
polyzono_affine4 7 4
0.4084134873962402
1.85270357131958
polyzono_affine4 8 4
0.13021
0
polyzono_affine5 1 5
0.34605248542785644
0.0205991268157959
polyzono_affine5 2 5
0.3530953702545166
0.0231778621673584
polyzono_affine5 3 5
0.36278040977478027
0.03425788879394531
polyzono_affine5 4 5
0.3715601739501953
0.05321550369262695
polyzono_affine5 5 5
0.3782749948120117
0.08705568313598633
polyzono_affine5 6 5
0.38853486152648925
0.31576967239379883
polyzono_affine5 7 5
0.4112177667236328
1.867067813873291
polyzono_affine5 8 5
0.13021
0
polyzono_affine6 1 6
0.3487139520263672
0.02015399932861328
polyzono_affine6 2 6
0.35552747817993163
0.022965192794799805
polyzono_affine6 3 6
0.3681581792449951
0.03497791290283203
polyzono_affine6 4 6
0.3711324510192871
0.07527422904968262
polyzono_affine6 5 6
0.38264735313415527
0.22686314582824707
polyzono_affine6 6 6
0.39093335243225097
2.0129387378692627
polyzono_affine6 7 6
0.4103201207733154
3.506243944168091
polyzono_affine6 8 6
0.13021
0
polyzono_affine7 1 7
0.35246189208984374
0.0212099552154541
polyzono_affine7 2 7
0.35969479652404784
0.022805452346801758
polyzono_affine7 3 7
0.3730064210510254
0.03567934036254883
polyzono_affine7 4 7
0.37300022216796874
0.07689785957336426
polyzono_affine7 5 7
0.38832195373535155
0.2853260040283203
polyzono_affine7 6 7
0.39663799377441405
1.6041457653045654
polyzono_affine7 7 7
0.41171415420532226
1.8810417652130127
polyzono_affine7 8 7
0.13021
0
polyzono_affine8 1 8
0.35427005859375
0.020682573318481445
polyzono_affine8 2 8
0.357080059967041
0.023692846298217773
polyzono_affine8 3 8
0.3768237409210205
0.03207683563232422
polyzono_affine8 4 8
0.37214906784057616
0.07606387138366699
polyzono_affine8 5 8
0.38458045097351073
0.36130404472351074
polyzono_affine8 6 8
0.3982046422576904
2.57072377204895
polyzono_affine8 7 8
0.4133528050994873
15.29394245147705
polyzono_affine8 8 8
0.13021
0
polyzono_affine9 1 9
0.35133274169921874
0.02177286148071289
polyzono_affine9 2 9
0.36428721519470214
0.024213552474975586
polyzono_affine9 3 9
0.3720932778930664
0.03124403953552246
polyzono_affine9 4 9
0.3737383660888672
0.07710027694702148
polyzono_affine9 5 9
0.3849831399536133
0.36075925827026367
polyzono_affine9 6 9
0.41914399238586425
2.329092264175415
polyzono_affine9 7 9
0.13021
0
polyzono_affine9 8 9
0.13021
0
polyzono_maxpool1 1 1
0.18926584091186524
0.015518426895141602
polyzono_maxpool1 10 1
0.19445835914611817
0.016627073287963867
polyzono_maxpool1 2 1
0.18911825981140137
0.01528167724609375
polyzono_maxpool1 3 1
0.190265291595459
0.015611886978149414
polyzono_maxpool1 4 1
0.1903127368927002
0.01582622528076172
polyzono_maxpool1 5 1
0.19387208786010743
0.017171621322631836
polyzono_maxpool1 6 1
0.1910899814605713
0.01598215103149414
polyzono_maxpool1 7 1
0.19212161865234376
0.016190767288208008
polyzono_maxpool1 8 1
0.19281088676452637
0.016162872314453125
polyzono_maxpool1 9 1
0.19285308685302735
0.015718698501586914
polyzono_maxpool10 1 10
0.1509
0
polyzono_maxpool2 1 2
0.19438301887512208
0.08655261993408203
polyzono_maxpool2 10 2
0.2011307415008545
0.10405898094177246
polyzono_maxpool2 2 2
0.1958063777923584
0.09303140640258789
polyzono_maxpool2 3 2
0.19889199104309083
0.10215973854064941
polyzono_maxpool2 4 2
0.19671451416015626
0.10114645957946777
polyzono_maxpool2 5 2
0.19656431045532227
0.14685821533203125
polyzono_maxpool2 6 2
0.19797884788513184
0.11038517951965332
polyzono_maxpool2 7 2
0.19851385917663575
0.035692453384399414
polyzono_maxpool2 8 2
0.19862233963012696
0.11424994468688965
polyzono_maxpool2 9 2
0.19930588569641114
0.12179827690124512
polyzono_maxpool3 1 3
0.20714866485595704
0.4369645118713379
polyzono_maxpool3 2 3
0.2083314594268799
0.4972550868988037
polyzono_maxpool3 3 3
0.20901214447021485
0.6008744239807129
polyzono_maxpool3 4 3
0.20975863304138184
0.5390961170196533
polyzono_maxpool3 5 3
0.21473109092712403
0.5717365741729736
polyzono_maxpool3 6 3
0.2107118305206299
1.4851689338684082
polyzono_maxpool3 7 3
0.2126835521697998
38.544379234313965
polyzono_maxpool3 8 3
0.1509
0
polyzono_maxpool4 1 4
0.24376713600158692
44.97558259963989
polyzono_maxpool4 10 4
0.2514215644836426
84.17679190635681
polyzono_maxpool4 2 4
0.2381786045074463
61.57185435295105
polyzono_maxpool4 3 4
0.23812734451293946
46.65804743766785
polyzono_maxpool4 4 4
0.23963271942138673
25.082256078720093
polyzono_maxpool4 5 4
0.23910772171020508
30.376506567001343
polyzono_maxpool4 6 4
0.23928319778442383
32.95941138267517
polyzono_maxpool4 7 4
0.24353157844543458
24.675703763961792
polyzono_maxpool4 8 4
0.24944483604431153
45.14080882072449
polyzono_maxpool4 9 4
0.24292861785888673
25.452585697174072
polyzono_maxpool5 1 5
0.1509
0
polyzono_maxpool6 1 6
0.1509
0
polyzono_maxpool7 1 7
0.1509
0
polyzono_maxpool8 1 8
0.1509
0
polyzono_maxpool9 1 9
0.1509
0
polyzono_relu1 1 1
0.2720592636108399
0.045674800872802734
polyzono_relu1 10 1
0.2830491680145264
0.0485081672668457
polyzono_relu1 2 1
0.27992969932556155
0.04906415939331055
polyzono_relu1 3 1
0.2740798610687256
0.04636740684509277
polyzono_relu1 4 1
0.2779801506042481
0.048410654067993164
polyzono_relu1 5 1
0.2773762363433838
0.04817485809326172
polyzono_relu1 6 1
0.27968603553771976
0.04892086982727051
polyzono_relu1 7 1
0.28140741767883304
0.04958200454711914
polyzono_relu1 8 1
0.28261214675903323
0.04921269416809082
polyzono_relu1 9 1
0.2824886459350586
0.049109458923339844
polyzono_relu10 1 10
0.2728996891021729
0.0458223819732666
polyzono_relu10 10 10
0.28574520530700687
0.049961090087890625
polyzono_relu10 2 10
0.2743983882904053
0.04694223403930664
polyzono_relu10 3 10
0.27394777717590335
0.04656243324279785
polyzono_relu10 4 10
0.27822190704345706
0.04826617240905762
polyzono_relu10 5 10
0.2799094337463379
0.04839277267456055
polyzono_relu10 6 10
0.278001131439209
0.04806780815124512
polyzono_relu10 7 10
0.28189641418457034
0.04956841468811035
polyzono_relu10 8 10
0.284144462966919
0.049707889556884766
polyzono_relu10 9 10
0.2839317935943604
0.04949378967285156
polyzono_relu2 1 2
0.2712524551391602
0.04549574851989746
polyzono_relu2 10 2
0.2831910270690918
0.0487518310546875
polyzono_relu2 2 2
0.27233272972106937
0.045362234115600586
polyzono_relu2 3 2
0.27700144233703616
0.04765009880065918
polyzono_relu2 4 2
0.2758055347442627
0.047412872314453125
polyzono_relu2 5 2
0.2782111782073975
0.04832601547241211
polyzono_relu2 6 2
0.28034192504882816
0.048989057540893555
polyzono_relu2 7 2
0.2817824501037598
0.04976940155029297
polyzono_relu2 8 2
0.2815359252929688
0.048462629318237305
polyzono_relu2 9 2
0.28461367073059085
0.05054211616516113
polyzono_relu3 1 3
0.27207023086547855
0.045676469802856445
polyzono_relu3 10 3
0.28258377494812015
0.048346757888793945
polyzono_relu3 2 3
0.2740624565124512
0.046593666076660156
polyzono_relu3 3 3
0.2734780925750733
0.04655909538269043
polyzono_relu3 4 3
0.2752209323883057
0.047113656997680664
polyzono_relu3 5 3
0.27911955299377444
0.04865312576293945
polyzono_relu3 6 3
0.27854258003234866
0.048113107681274414
polyzono_relu3 7 3
0.27888876380920413
0.048564910888671875
polyzono_relu3 8 3
0.28292137565612796
0.04915904998779297
polyzono_relu3 9 3
0.2853985446929932
0.05049252510070801
polyzono_relu4 1 4
0.27382308425903323
0.04613614082336426
polyzono_relu4 10 4
0.28430515708923343
0.04898428916931152
polyzono_relu4 2 4
0.27289587440490726
0.045701026916503906
polyzono_relu4 3 4
0.27443510475158694
0.04662609100341797
polyzono_relu4 4 4
0.27780658187866214
0.048432350158691406
polyzono_relu4 5 4
0.2797213214874268
0.0486757755279541
polyzono_relu4 6 4
0.2783940452575684
0.04800677299499512
polyzono_relu4 7 4
0.28165227355957034
0.049454450607299805
polyzono_relu4 8 4
0.2810321468353272
0.048531293869018555
polyzono_relu4 9 4
0.28400641860961917
0.050093889236450195
polyzono_relu5 1 5
0.2732372898101807
0.046092987060546875
polyzono_relu5 10 5
0.28374201240539554
0.04835367202758789
polyzono_relu5 2 5
0.2721658367156983
0.045880794525146484
polyzono_relu5 3 5
0.27588516654968265
0.047714948654174805
polyzono_relu5 4 5
0.2754977363586426
0.04723310470581055
polyzono_relu5 5 5
0.277893127822876
0.048189401626586914
polyzono_relu5 6 5
0.2797554153442383
0.04849553108215332
polyzono_relu5 7 5
0.28200155677795413
0.04955148696899414
polyzono_relu5 8 5
0.2841494697570801
0.05022072792053223
polyzono_relu5 9 5
0.28426009597778323
0.04953908920288086
polyzono_relu6 1 6
0.27313572349548343
0.046198368072509766
polyzono_relu6 10 6
0.2840846199035645
0.04910135269165039
polyzono_relu6 2 6
0.2743480819702149
0.04647350311279297
polyzono_relu6 3 6
0.27644878807067874
0.04831123352050781
polyzono_relu6 4 6
0.2750733512878418
0.04715585708618164
polyzono_relu6 5 6
0.27706128540039066
0.04764604568481445
polyzono_relu6 6 6
0.28054577293396
0.04946255683898926
polyzono_relu6 7 6
0.28000408592224124
0.04843783378601074
polyzono_relu6 8 6
0.2821968215942383
0.04928469657897949
polyzono_relu6 9 6
0.28523713531494144
0.05057883262634277
polyzono_relu7 1 7
0.27457028808593753
0.0466916561126709
polyzono_relu7 10 7
0.28307396354675296
0.04828238487243652
polyzono_relu7 2 7
0.2739723342895508
0.04615950584411621
polyzono_relu7 3 7
0.274867119216919
0.04690694808959961
polyzono_relu7 4 7
0.27680117073059085
0.047849178314208984
polyzono_relu7 5 7
0.27910286369323734
0.0485837459564209
polyzono_relu7 6 7
0.27779561462402347
0.04738450050354004
polyzono_relu7 7 7
0.2817698139190674
0.04962635040283203
polyzono_relu7 8 7
0.280592741394043
0.04809975624084473
polyzono_relu7 9 7
0.2845454830169678
0.05024003982543945
polyzono_relu8 1 8
0.2719870227813721
0.045500755310058594
polyzono_relu8 10 8
0.2842248100280762
0.04914665222167969
polyzono_relu8 2 8
0.2721663135528565
0.045281171798706055
polyzono_relu8 3 8
0.2756975311279297
0.047446489334106445
polyzono_relu8 4 8
0.2755907196044922
0.047382354736328125
polyzono_relu8 5 8
0.2807026523590088
0.049407243728637695
polyzono_relu8 6 8
0.278672518157959
0.04824519157409668
polyzono_relu8 7 8
0.2819786685943604
0.04960918426513672
polyzono_relu8 8 8
0.2800615447998047
0.04795026779174805
polyzono_relu8 9 8
0.284273685836792
0.05051708221435547
polyzono_relu9 1 9
0.2729476112365723
0.046187400817871094
polyzono_relu9 10 9
0.2833104747772217
0.048476457595825195
polyzono_relu9 2 9
0.27447992744445804
0.04651236534118652
polyzono_relu9 3 9
0.2752941268920899
0.046582937240600586
polyzono_relu9 4 9
0.2778006214141846
0.048233985900878906
polyzono_relu9 5 9
0.28043061676025394
0.04922890663146973
polyzono_relu9 6 9
0.2798174041748047
0.04875612258911133
polyzono_relu9 7 9
0.28079730453491214
0.04937577247619629
polyzono_relu9 8 9
0.28095251502990726
0.04819655418395996
polyzono_relu9 9 9
0.28499251785278323
0.05042600631713867
refinezono_affine1 1 1
0.1366057024383545
0.011249303817749023
refinezono_affine1 10 1
0.14089175323486328
0.012035608291625977
refinezono_affine1 2 1
0.13737698654174804
0.011619091033935547
refinezono_affine1 3 1
0.1377231703186035
0.011853933334350586
refinezono_affine1 4 1
0.13919683555603027
0.011925458908081055
refinezono_affine1 5 1
0.13992496589660644
0.012181758880615234
refinezono_affine1 6 1
0.14172502616882324
0.012693643569946289
refinezono_affine1 7 1
0.13947125534057617
0.011809349060058594
refinezono_affine1 8 1
0.14018984893798828
0.011973857879638672
refinezono_affine1 9 1
0.1408483610534668
0.012169122695922852
refinezono_affine10 1 10
0.15045114616394042
0.012694120407104492
refinezono_affine10 10 10
0.16394921401977539
0.014075279235839844
refinezono_affine10 2 10
0.1504165754699707
0.012400388717651367
refinezono_affine10 3 10
0.1528584585571289
0.012681007385253906
refinezono_affine10 4 10
0.15337082008361816
0.012990474700927734
refinezono_affine10 5 10
0.15891119102478027
0.013791322708129883
refinezono_affine10 6 10
0.15649624923706054
0.012929916381835938
refinezono_affine10 7 10
0.15912600616455078
0.013253211975097656
refinezono_affine10 8 10
0.1600598917388916
0.01343393325805664
refinezono_affine10 9 10
0.16181274513244628
0.013578653335571289
refinezono_affine2 1 2
0.1403448210144043
0.012282371520996094
refinezono_affine2 10 2
0.14303585151672363
0.011998414993286133
refinezono_affine2 2 2
0.13961740592956542
0.012105226516723633
refinezono_affine2 3 2
0.1405741796875
0.012105941772460938
refinezono_affine2 4 2
0.14029427627563476
0.011824607849121094
refinezono_affine2 5 2
0.14302917579650878
0.0126190185546875
refinezono_affine2 6 2
0.14145036796569824
0.01211690902709961
refinezono_affine2 7 2
0.141658745803833
0.012103557586669922
refinezono_affine2 8 2
0.14279600242614746
0.012332916259765625
refinezono_affine2 9 2
0.14288970092773437
0.01221919059753418
refinezono_affine3 1 3
0.13920899490356445
0.011640787124633789
refinezono_affine3 10 3
0.14520379165649414
0.012222766876220703
refinezono_affine3 2 3
0.14024969200134277
0.011879444122314453
refinezono_affine3 3 3
0.14132805923461914
0.012012004852294922
refinezono_affine3 4 3
0.1441163645172119
0.012863636016845703
refinezono_affine3 5 3
0.14206071952819824
0.012063980102539062
refinezono_affine3 6 3
0.1428618059539795
0.012235403060913086
refinezono_affine3 7 3
0.1433236227416992
0.012110233306884766
refinezono_affine3 8 3
0.144360743560791
0.012318134307861328
refinezono_affine3 9 3
0.1457171068572998
0.012505769729614258
refinezono_affine4 1 4
0.14073296646118164
0.011877298355102539
refinezono_affine4 10 4
0.14934464553833007
0.012960195541381836
refinezono_affine4 2 4
0.14134212593078613
0.011788606643676758
refinezono_affine4 3 4
0.14219971755981445
0.012041807174682617
refinezono_affine4 4 4
0.14302703002929687
0.012006044387817383
refinezono_affine4 5 4
0.14409252265930175
0.012270927429199219
refinezono_affine4 6 4
0.14467640975952148
0.012110233306884766
refinezono_affine4 7 4
0.1459917650604248
0.01228952407836914
refinezono_affine4 8 4
0.146663628616333
0.01251530647277832
refinezono_affine4 9 4
0.14788743118286132
0.01274418830871582
refinezono_affine5 1 5
0.14166232208251953
0.01178598403930664
refinezono_affine5 10 5
0.1520802603149414
0.013066291809082031
refinezono_affine5 2 5
0.1434120760345459
0.01213216781616211
refinezono_affine5 3 5
0.14519163230895996
0.012397289276123047
refinezono_affine5 4 5
0.14645691970825195
0.012654542922973633
refinezono_affine5 5 5
0.14552374938964843
0.01213526725769043
refinezono_affine5 6 5
0.1500649080657959
0.013503551483154297
refinezono_affine5 7 5
0.14873405555725097
0.012767553329467773
refinezono_affine5 8 5
0.14835282424926757
0.01253056526184082
refinezono_affine5 9 5
0.1529941187286377
0.013615608215332031
refinezono_affine6 1 6
0.14498969177246093
0.012336254119873047
refinezono_affine6 10 6
0.15370436767578124
0.012953758239746094
refinezono_affine6 2 6
0.14726682762145996
0.013029813766479492
refinezono_affine6 3 6
0.1470288858795166
0.012685775756835938
refinezono_affine6 4 6
0.14609070877075195
0.012296438217163086
refinezono_affine6 5 6
0.14726730445861816
0.012487411499023438
refinezono_affine6 6 6
0.1489204988861084
0.012531042098999023
refinezono_affine6 7 6
0.150142632522583
0.012685537338256836
refinezono_affine6 8 6
0.15431686500549316
0.013657093048095703
refinezono_affine6 9 6
0.15204187492370605
0.01285552978515625
refinezono_affine7 1 7
0.14515491584777832
0.012140750885009766
refinezono_affine7 10 7
0.15549083808898925
0.013075113296508789
refinezono_affine7 2 7
0.14741822341918945
0.012662410736083984
refinezono_affine7 3 7
0.1474263296508789
0.012595891952514648
refinezono_affine7 4 7
0.15135189155578613
0.01341700553894043
refinezono_affine7 5 7
0.14925118545532226
0.012425899505615234
refinezono_affine7 6 7
0.15042515853881835
0.012544631958007812
refinezono_affine7 7 7
0.15138169387817382
0.01254415512084961
refinezono_affine7 8 7
0.15677066902160644
0.013841629028320312
refinezono_affine7 9 7
0.15618225196838378
0.013494729995727539
refinezono_affine8 1 8
0.14605852226257324
0.01200556755065918
refinezono_affine8 10 8
0.15796609977722167
0.01325225830078125
refinezono_affine8 2 8
0.15091367820739746
0.013157367706298828
refinezono_affine8 3 8
0.14865609268188476
0.012413740158081055
refinezono_affine8 4 8
0.15030213455200195
0.012591123580932617
refinezono_affine8 5 8
0.15138789276123046
0.012709856033325195
refinezono_affine8 6 8
0.1525821314239502
0.012810707092285156
refinezono_affine8 7 8
0.15472694496154785
0.012911081314086914
refinezono_affine8 8 8
0.15555044273376464
0.012977838516235352
refinezono_affine8 9 8
0.1563374624633789
0.013193368911743164
refinezono_affine9 1 9
0.14868970970153808
0.012465476989746094
refinezono_affine9 10 9
0.15983577827453613
0.013205766677856445
refinezono_affine9 2 9
0.1488470659637451
0.012350797653198242
refinezono_affine9 3 9
0.15037461380004882
0.012441873550415039
refinezono_affine9 4 9
0.15224214653015136
0.012875080108642578
refinezono_affine9 5 9
0.1529962644958496
0.012670278549194336
refinezono_affine9 6 9
0.15511413673400878
0.012900590896606445
refinezono_affine9 7 9
0.15627952674865722
0.013035297393798828
refinezono_affine9 8 9
0.15970083335876464
0.01387333869934082
refinezono_affine9 9 9
0.1587328539276123
0.013070106506347656
refinezono_maxpool1 1 1
0.13802435340881347
0.012553930282592773
refinezono_maxpool1 10 1
0.14159610214233398
0.013230085372924805
refinezono_maxpool1 2 1
0.1374931568145752
0.012408256530761719
refinezono_maxpool1 3 1
0.1386230224609375
0.012778282165527344
refinezono_maxpool1 4 1
0.13960745277404785
0.01301431655883789
refinezono_maxpool1 5 1
0.1415388816833496
0.013833045959472656
refinezono_maxpool1 6 1
0.13904430809020996
0.012850761413574219
refinezono_maxpool1 7 1
0.13960602226257324
0.013303995132446289
refinezono_maxpool1 8 1
0.1400566333770752
0.01329803466796875
refinezono_maxpool1 9 1
0.14113547744750976
0.013602972030639648
refinezono_maxpool10 1 10
0.1069
0
refinezono_maxpool2 1 2
0.1398756736755371
0.03618621826171875
refinezono_maxpool2 10 2
0.14462854804992675
0.01913928985595703
refinezono_maxpool2 2 2
0.14031054916381835
0.03849673271179199
refinezono_maxpool2 3 2
0.14093544425964355
0.03447675704956055
refinezono_maxpool2 4 2
0.14127280654907226
0.03601241111755371
refinezono_maxpool2 5 2
0.14334490242004394
0.03725552558898926
refinezono_maxpool2 6 2
0.14284756126403808
0.03703188896179199
refinezono_maxpool2 7 2
0.1457514995574951
0.04688382148742676
refinezono_maxpool2 8 2
0.14332606735229492
0.03981781005859375
refinezono_maxpool2 9 2
0.1448347801208496
0.019104480743408203
refinezono_maxpool3 1 3
0.1449270481109619
0.7090845108032227
refinezono_maxpool3 10 3
0.15379860343933105
2.202392816543579
refinezono_maxpool3 2 3
0.14475419464111328
0.6962997913360596
refinezono_maxpool3 3 3
0.14597489776611328
1.0315470695495605
refinezono_maxpool3 4 3
0.14920999946594238
1.114562749862671
refinezono_maxpool3 5 3
0.14742066802978515
1.288619041442871
refinezono_maxpool3 6 3
0.14714100303649902
1.2944262027740479
refinezono_maxpool3 7 3
0.14827063026428222
0.9791042804718018
refinezono_maxpool3 8 3
0.15212252082824707
2.252809524536133
refinezono_maxpool3 9 3
0.1504023307800293
3.2092652320861816
refinezono_maxpool4 1 4
0.1069
0
refinezono_maxpool5 1 5
0.1069
0
refinezono_maxpool6 1 6
0.1069
0
refinezono_maxpool7 1 7
0.1069
0
refinezono_maxpool8 1 8
0.1069
0
refinezono_maxpool9 1 9
0.1069
0
refinezono_relu1 1 1
0.22559559616088867
0.03632855415344238
refinezono_relu1 10 1
0.23536861213684082
0.039678096771240234
refinezono_relu1 2 1
0.22858774932861328
0.03745436668395996
refinezono_relu1 3 1
0.22715246948242188
0.03694605827331543
refinezono_relu1 4 1
0.2276586321258545
0.03712320327758789
refinezono_relu1 5 1
0.2296286848449707
0.03784441947937012
refinezono_relu1 6 1
0.23177516731262207
0.03882241249084473
refinezono_relu1 7 1
0.23209464820861817
0.0382080078125
refinezono_relu1 8 1
0.23367679389953613
0.03951311111450195
refinezono_relu1 9 1
0.23354137214660645
0.039286136627197266
refinezono_relu10 1 10
0.22656882080078125
0.03684520721435547
refinezono_relu10 10 10
0.23537528785705567
0.03950619697570801
refinezono_relu10 2 10
0.22621381553649902
0.036618709564208984
refinezono_relu10 3 10
0.227828862991333
0.0373845100402832
refinezono_relu10 4 10
0.23093188079833984
0.0387873649597168
refinezono_relu10 5 10
0.23027384552001953
0.03801918029785156
refinezono_relu10 6 10
0.23174584182739258
0.03858757019042969
refinezono_relu10 7 10
0.23166883262634277
0.03789567947387695
refinezono_relu10 8 10
0.2328768995666504
0.039203643798828125
refinezono_relu10 9 10
0.23414123329162598
0.03952646255493164
refinezono_relu2 1 2
0.22509277137756348
0.036153554916381836
refinezono_relu2 10 2
0.23459303649902344
0.03915762901306152
refinezono_relu2 2 2
0.2286361483001709
0.03737044334411621
refinezono_relu2 3 2
0.2280403402709961
0.03774595260620117
refinezono_relu2 4 2
0.2304667261505127
0.038537025451660156
refinezono_relu2 5 2
0.22997653755187988
0.037937164306640625
refinezono_relu2 6 2
0.23027456077575684
0.03776669502258301
refinezono_relu2 7 2
0.23182809623718262
0.038385629653930664
refinezono_relu2 8 2
0.2337180403137207
0.03948259353637695
refinezono_relu2 9 2
0.23341977867126465
0.03946685791015625
refinezono_relu3 1 3
0.22722208770751953
0.037114620208740234
refinezono_relu3 10 3
0.2362204817199707
0.039720773696899414
refinezono_relu3 2 3
0.227676275100708
0.03740334510803223
refinezono_relu3 3 3
0.22718298706054688
0.037181854248046875
refinezono_relu3 4 3
0.22977507385253906
0.03843402862548828
refinezono_relu3 5 3
0.22920549186706543
0.03746461868286133
refinezono_relu3 6 3
0.23180640014648438
0.03895831108093262
refinezono_relu3 7 3
0.23175418647766113
0.03880643844604492
refinezono_relu3 8 3
0.23451626571655274
0.039891958236694336
refinezono_relu3 9 3
0.23526633056640625
0.04019951820373535
refinezono_relu4 1 4
0.2248693731689453
0.035881757736206055
refinezono_relu4 10 4
0.23438465866088867
0.03913521766662598
refinezono_relu4 2 4
0.22792709144592285
0.03731536865234375
refinezono_relu4 3 4
0.2276891497039795
0.037409067153930664
refinezono_relu4 4 4
0.2275074747467041
0.036985158920288086
refinezono_relu4 5 4
0.23020088943481445
0.03861880302429199
refinezono_relu4 6 4
0.23158467086791992
0.03861570358276367
refinezono_relu4 7 4
0.23142159255981445
0.03824448585510254
refinezono_relu4 8 4
0.2330912378692627
0.038864850997924805
refinezono_relu4 9 4
0.23599446090698242
0.04083585739135742
refinezono_relu5 1 5
0.2247909334564209
0.036075592041015625
refinezono_relu5 10 5
0.23589146408081055
0.0397953987121582
refinezono_relu5 2 5
0.22654927047729492
0.03668498992919922
refinezono_relu5 3 5
0.22885740074157715
0.038094282150268555
refinezono_relu5 4 5
0.2279804972076416
0.037459611892700195
refinezono_relu5 5 5
0.2292155054473877
0.037717342376708984
refinezono_relu5 6 5
0.23199761184692383
0.03858494758605957
refinezono_relu5 7 5
0.232131841506958
0.03851819038391113
refinezono_relu5 8 5
0.23338616165161133
0.03946948051452637
refinezono_relu5 9 5
0.23300922187805176
0.039278507232666016
refinezono_relu6 1 6
0.2252174642944336
0.03637290000915527
refinezono_relu6 10 6
0.23405087265014649
0.03887462615966797
refinezono_relu6 2 6
0.22708356651306152
0.03675675392150879
refinezono_relu6 3 6
0.22655618461608887
0.03687024116516113
refinezono_relu6 4 6
0.2294291284942627
0.03829765319824219
refinezono_relu6 5 6
0.2309101847076416
0.03875470161437988
refinezono_relu6 6 6
0.2320703295135498
0.0388336181640625
refinezono_relu6 7 6
0.2318574217224121
0.03862118721008301
refinezono_relu6 8 6
0.23542297157287598
0.04027819633483887
refinezono_relu6 9 6
0.23490178855895996
0.04021477699279785
refinezono_relu7 1 7
0.2267268923187256
0.036913394927978516
refinezono_relu7 10 7
0.2346462038421631
0.03919076919555664
refinezono_relu7 2 7
0.22650587829589844
0.03668332099914551
refinezono_relu7 3 7
0.2288039949798584
0.03792285919189453
refinezono_relu7 4 7
0.22997486862182617
0.0383148193359375
refinezono_relu7 5 7
0.22938120635986328
0.037819623947143555
refinezono_relu7 6 7
0.23161971839904785
0.038591861724853516
refinezono_relu7 7 7
0.23216593536376953
0.03866100311279297
refinezono_relu7 8 7
0.23375618728637695
0.03939056396484375
refinezono_relu7 9 7
0.23395288261413574
0.03923320770263672
refinezono_relu8 1 8
0.22610819610595703
0.03672003746032715
refinezono_relu8 10 8
0.23485625061035156
0.03929495811462402
refinezono_relu8 2 8
0.22777211936950684
0.03760242462158203
refinezono_relu8 3 8
0.22774756225585938
0.03737783432006836
refinezono_relu8 4 8
0.2281030443572998
0.03729724884033203
refinezono_relu8 5 8
0.23073137077331543
0.03864860534667969
refinezono_relu8 6 8
0.2305759218597412
0.0383448600769043
refinezono_relu8 7 8
0.2308925417327881
0.0379178524017334
refinezono_relu8 8 8
0.23321950706481934
0.03884768486022949
refinezono_relu8 9 8
0.2353335646057129
0.04052233695983887
refinezono_relu9 1 9
0.22530210289001465
0.036153316497802734
refinezono_relu9 10 9
0.23560059341430664
0.03959918022155762
refinezono_relu9 2 9
0.22760522636413574
0.03728127479553223
refinezono_relu9 3 9
0.23014390739440918
0.03866767883300781
refinezono_relu9 4 9
0.22872340950012207
0.03797745704650879
refinezono_relu9 5 9
0.22904503616333008
0.03767967224121094
refinezono_relu9 6 9
0.22990739616394043
0.03778529167175293
refinezono_relu9 7 9
0.2322829988861084
0.038565874099731445
refinezono_relu9 8 9
0.2333956983947754
0.03920412063598633
refinezono_relu9 9 9
0.2330318716430664
0.03933095932006836
zono_affine1 1 1
0.12005738059997559
0.009649991989135742
zono_affine1 10 1
0.12266663352966309
0.010027647018432617
zono_affine1 2 1
0.1192350749206543
0.009526968002319336
zono_affine1 3 1
0.11878136436462403
0.009225130081176758
zono_affine1 4 1
0.11898258964538574
0.009278535842895508
zono_affine1 5 1
0.1206090811920166
0.009748458862304688
zono_affine1 6 1
0.11992958824157715
0.009376049041748047
zono_affine1 7 1
0.12013891975402832
0.009450912475585938
zono_affine1 8 1
0.12177923957824707
0.009804487228393555
zono_affine1 9 1
0.12324003021240235
0.010201454162597656
zono_affine10 1 10
0.09267
0
zono_affine2 1 2
0.11978009979248047
0.01022195816040039
zono_affine2 10 2
0.12436894218444824
0.010497808456420898
zono_affine2 2 2
0.11994532386779785
0.010126590728759766
zono_affine2 3 2
0.12044767181396485
0.010218620300292969
zono_affine2 4 2
0.12091974060058594
0.010318517684936523
zono_affine2 5 2
0.12167218963623047
0.010338544845581055
zono_affine2 6 2
0.12215379516601563
0.010424375534057617
zono_affine2 7 2
0.12256459037780762
0.010523796081542969
zono_affine2 8 2
0.12556079666137696
0.011187076568603516
zono_affine2 9 2
0.12397173683166504
0.010410785675048828
zono_affine3 1 3
0.12248877326965332
0.012884378433227539
zono_affine3 10 3
0.13130096237182617
0.013812541961669922
zono_affine3 2 3
0.12331894676208496
0.012995481491088867
zono_affine3 3 3
0.12273482124328614
0.012511253356933594
zono_affine3 4 3
0.12339214126586914
0.012704849243164062
zono_affine3 5 3
0.12544254104614258
0.01325368881225586
zono_affine3 6 3
0.12469080726623535
0.012821674346923828
zono_affine3 7 3
0.12569693367004395
0.012818574905395508
zono_affine3 8 3
0.12585238258361817
0.012804746627807617
zono_affine3 9 3
0.12641242782592774
0.012758970260620117
zono_affine4 1 4
0.12368849555969239
0.02188277244567871
zono_affine4 10 4
0.1336710814666748
0.023846149444580078
zono_affine4 2 4
0.12492111961364746
0.02182626724243164
zono_affine4 3 4
0.12664798538208008
0.022668123245239258
zono_affine4 4 4
0.1266656283569336
0.021845579147338867
zono_affine4 5 4
0.1267881755065918
0.021628379821777344
zono_affine4 6 4
0.12902907173156739
0.022687196731567383
zono_affine4 7 4
0.1286795500946045
0.022022485733032227
zono_affine4 8 4
0.13066915313720703
0.022838830947875977
zono_affine4 9 4
0.1301613215637207
0.022294044494628906
zono_affine5 1 5
0.12739495079040528
0.06286931037902832
zono_affine5 10 5
0.13499430458068848
0.06402444839477539
zono_affine5 2 5
0.12882713119506836
0.0646657943725586
zono_affine5 3 5
0.1294420127105713
0.06380867958068848
zono_affine5 4 5
0.13279298583984375
0.06915426254272461
zono_affine5 5 5
0.13070586959838867
0.0639946460723877
zono_affine5 6 5
0.13140205184936524
0.06351470947265625
zono_affine5 7 5
0.1329090956878662
0.06517481803894043
zono_affine5 8 5
0.13335255424499512
0.0641324520111084
zono_affine5 9 5
0.13459757606506348
0.06520485877990723
zono_affine6 1 6
0.13556889335632324
0.34060001373291016
zono_affine6 10 6
0.1452520255279541
0.339890718460083
zono_affine6 2 6
0.13373450080871582
0.31034255027770996
zono_affine6 3 6
0.13779596130371094
0.3387882709503174
zono_affine6 4 6
0.13910464088439942
0.33956384658813477
zono_affine6 5 6
0.13672546188354492
0.31594014167785645
zono_affine6 6 6
0.141056812210083
0.3400614261627197
zono_affine6 7 6
0.13828877250671387
0.3103148937225342
zono_affine6 8 6
0.14286068717956543
0.33841657638549805
zono_affine6 9 6
0.1399553183746338
0.31081557273864746
zono_affine7 1 7
0.14582208435058594
2.391434669494629
zono_affine7 10 7
0.1513839129638672
2.186169385910034
zono_affine7 2 7
0.14264658729553223
2.1854302883148193
zono_affine7 3 7
0.14724234382629395
2.3938260078430176
zono_affine7 4 7
0.14968494216918946
2.3892886638641357
zono_affine7 5 7
0.14564160148620606
2.2019898891448975
zono_affine7 6 7
0.15055540840148926
2.3981592655181885
zono_affine7 7 7
0.14736417572021485
2.18753981590271
zono_affine7 8 7
0.14861944953918457
2.203737497329712
zono_affine7 9 7
0.1539330844116211
2.395867347717285
zono_affine8 1 8
0.09267
0
zono_affine9 1 9
0.09267
0
zono_maxpool1 1 1
0.12003060691833496
0.00930476188659668
zono_maxpool1 10 1
0.12409230583190918
0.01027059555053711
zono_maxpool1 2 1
0.12222644203186035
0.010080575942993164
zono_maxpool1 3 1
0.12101074569702149
0.009465694427490234
zono_maxpool1 4 1
0.1208154808807373
0.009660959243774414
zono_maxpool1 5 1
0.12197014205932617
0.010031700134277344
zono_maxpool1 6 1
0.1215779434967041
0.009887933731079102
zono_maxpool1 7 1
0.12392255180358887
0.01084446907043457
zono_maxpool1 8 1
0.12211986892700195
0.010212182998657227
zono_maxpool1 9 1
0.12274953239440918
0.010247230529785156
zono_maxpool10 1 10
0.09518
0
zono_maxpool2 1 2
0.1219277035522461
0.0318453311920166
zono_maxpool2 10 2
0.12537118309020995
0.04208660125732422
zono_maxpool2 2 2
0.12246462219238281
0.03512120246887207
zono_maxpool2 3 2
0.12306639068603516
0.03154563903808594
zono_maxpool2 4 2
0.12529488914489745
0.03537392616271973
zono_maxpool2 5 2
0.12476297729492188
0.03333115577697754
zono_maxpool2 6 2
0.12545772903442381
0.03432130813598633
zono_maxpool2 7 2
0.12559052818298339
0.040769338607788086
zono_maxpool2 8 2
0.12472316139221191
0.03575944900512695
zono_maxpool2 9 2
0.12507792823791503
0.0413362979888916
zono_maxpool3 1 3
0.1272251259613037
0.712831974029541
zono_maxpool3 10 3
0.1293909203338623
4.501471281051636
zono_maxpool3 2 3
0.12538715713500975
0.6598470211029053
zono_maxpool3 3 3
0.12648531311035155
1.0016224384307861
zono_maxpool3 4 3
0.12668439262390135
0.9975442886352539
zono_maxpool3 5 3
0.12682315223693846
1.2644212245941162
zono_maxpool3 6 3
0.1274380337524414
1.4135186672210693
zono_maxpool3 7 3
0.1280057083892822
0.9586591720581055
zono_maxpool3 8 3
0.1284470211791992
2.690688371658325
zono_maxpool3 9 3
0.12853428237915038
1.05305814743042
zono_maxpool4 1 4
0.09518
0
zono_maxpool5 1 5
0.09518
0
zono_maxpool6 1 6
0.09518
0
zono_maxpool7 1 7
0.09518
0
zono_maxpool8 1 8
0.09518
0
zono_maxpool9 1 9
0.09518
0
zono_relu1 1 1
0.17114934829711914
0.02744603157043457
zono_relu1 10 1
0.17651829627990723
0.02946925163269043
zono_relu1 2 1
0.17293867973327637
0.02837967872619629
zono_relu1 3 1
0.1737962713623047
0.028791427612304688
zono_relu1 4 1
0.17187962440490723
0.02764129638671875
zono_relu1 5 1
0.17299899963378906
0.028505325317382812
zono_relu1 6 1
0.1734622469329834
0.02856755256652832
zono_relu1 7 1
0.1792145719909668
0.031118392944335938
zono_relu1 8 1
0.17502102760314941
0.0288693904876709
zono_relu1 9 1
0.17552647499084473
0.02925872802734375
zono_relu10 1 10
0.16989455131530762
0.027143478393554688
zono_relu10 10 10
0.1761346807861328
0.02941131591796875
zono_relu10 2 10
0.1728692999267578
0.028441429138183594
zono_relu10 3 10
0.17141160873413086
0.027662277221679688
zono_relu10 4 10
0.1725915422821045
0.02808856964111328
zono_relu10 5 10
0.1781149855041504
0.03125953674316406
zono_relu10 6 10
0.17331943420410156
0.028744935989379883
zono_relu10 7 10
0.17493662742614746
0.029292583465576172
zono_relu10 8 10
0.17574510482788086
0.029407739639282227
zono_relu10 9 10
0.17520937828063965
0.02923107147216797
zono_relu2 1 2
0.1704548349761963
0.02773141860961914
zono_relu2 10 2
0.17639503387451172
0.029566287994384766
zono_relu2 2 2
0.1716013899230957
0.027573585510253906
zono_relu2 3 2
0.17116532234191895
0.027408838272094727
zono_relu2 4 2
0.17420253662109375
0.02877330780029297
zono_relu2 5 2
0.17246231941223145
0.02806878089904785
zono_relu2 6 2
0.17368707565307617
0.02874755859375
zono_relu2 7 2
0.17485914138793945
0.0287628173828125
zono_relu2 8 2
0.17489371208190918
0.028846025466918945
zono_relu2 9 2
0.18047127632141113
0.031487226486206055
zono_relu3 1 3
0.17026576904296875
0.02707648277282715
zono_relu3 10 3
0.1760407438659668
0.029468774795532227
zono_relu3 2 3
0.17278299240112305
0.028163909912109375
zono_relu3 3 3
0.17174348739624024
0.02784585952758789
zono_relu3 4 3
0.17389688400268555
0.028891324996948242
zono_relu3 5 3
0.17779931930541992
0.030729055404663086
zono_relu3 6 3
0.17440566925048828
0.029393434524536133
zono_relu3 7 3
0.17650685218811035
0.029784202575683594
zono_relu3 8 3
0.1750334253692627
0.028692245483398438
zono_relu3 9 3
0.17656907943725586
0.02940082550048828
zono_relu4 1 4
0.17025432495117188
0.026944637298583984
zono_relu4 10 4
0.18108234313964844
0.031564950942993164
zono_relu4 2 4
0.17075071243286133
0.027041912078857422
zono_relu4 3 4
0.17342219261169434
0.028688430786132812
zono_relu4 4 4
0.17290792373657227
0.028124570846557617
zono_relu4 5 4
0.1727281561279297
0.028270959854125977
zono_relu4 6 4
0.17820343879699707
0.03064441680908203
zono_relu4 7 4
0.1744225969696045
0.02862691879272461
zono_relu4 8 4
0.17497715858459473
0.029202938079833984
zono_relu4 9 4
0.17564139274597168
0.028981447219848633
zono_relu5 1 5
0.17020687965393066
0.027102231979370117
zono_relu5 10 5
0.17756256965637207
0.029885053634643555
zono_relu5 2 5
0.1707151880645752
0.02742934226989746
zono_relu5 3 5
0.17157993225097656
0.02771782875061035
zono_relu5 4 5
0.17260370162963867
0.028070449829101562
zono_relu5 5 5
0.17481193450927734
0.029329776763916016
zono_relu5 6 5
0.17596945671081543
0.029869794845581055
zono_relu5 7 5
0.17577681449890137
0.028673648834228516
zono_relu5 8 5
0.18002948669433594
0.031127214431762695
zono_relu5 9 5
0.17591223625183106
0.029294729232788086
zono_relu6 1 6
0.17185387519836426
0.027890682220458984
zono_relu6 10 6
0.17611036209106445
0.029222726821899414
zono_relu6 2 6
0.17091665176391602
0.027541399002075195
zono_relu6 3 6
0.17362031845092774
0.02895069122314453
zono_relu6 4 6
0.17453894523620606
0.028882980346679688
zono_relu6 5 6
0.17400107292175293
0.029015779495239258
zono_relu6 6 6
0.17583928016662598
0.029562950134277344
zono_relu6 7 6
0.17427668479919434
0.028868675231933594
zono_relu6 8 6
0.17494854835510254
0.02894139289855957
zono_relu6 9 6
0.17514786628723145
0.029047250747680664
zono_relu7 1 7
0.1725154867553711
0.02814173698425293
zono_relu7 10 7
0.17659912017822266
0.029331207275390625
zono_relu7 2 7
0.170656060256958
0.027457475662231445
zono_relu7 3 7
0.17598972229003906
0.029753446578979492
zono_relu7 4 7
0.17717490104675293
0.029946088790893555
zono_relu7 5 7
0.17280015853881836
0.028187274932861328
zono_relu7 6 7
0.17466101554870606
0.029401540756225586
zono_relu7 7 7
0.1791382780456543
0.030735492706298828
zono_relu7 8 7
0.17558846382141113
0.029148340225219727
zono_relu7 9 7
0.1776107302093506
0.030153751373291016
zono_relu8 1 8
0.17071113494873047
0.027153491973876953
zono_relu8 10 8
0.17846188453674316
0.03020954132080078
zono_relu8 2 8
0.1727927675628662
0.028405427932739258
zono_relu8 3 8
0.17376503852844238
0.029170751571655273
zono_relu8 4 8
0.17202553657531738
0.02776336669921875
zono_relu8 5 8
0.17528805641174316
0.029482126235961914
zono_relu8 6 8
0.17844591049194336
0.03076171875
zono_relu8 7 8
0.1740890493774414
0.028384923934936523
zono_relu8 8 8
0.1749890795135498
0.028867721557617188
zono_relu8 9 8
0.17544827369689941
0.029010772705078125
zono_relu9 1 9
0.17017493156433106
0.02709794044494629
zono_relu9 10 9
0.1761651983642578
0.029517173767089844
zono_relu9 2 9
0.17307696250915527
0.028329849243164062
zono_relu9 3 9
0.173890923538208
0.028992176055908203
zono_relu9 4 9
0.17182192710876465
0.027568340301513672
zono_relu9 5 9
0.17325935272216797
0.02858114242553711
zono_relu9 6 9
0.17356429008483887
0.028721332550048828
zono_relu9 7 9
0.173829888381958
0.02854323387145996
zono_relu9 8 9
0.18021926788330078
0.03103160858154297
zono_relu9 9 9
0.17536125091552734
0.02924633026123047
