deeppoly_affine10
0.16471600532531738
0.005484104156494141
0.15503811836242676
0.0006983280181884766
deeppoly_affine11
0.16751718521118164
0.005786418914794922
0.15747404098510742
0.0007531642913818359
deeppoly_affine12
0.1694638729095459
0.005898952484130859
0.15908122062683105
0.0007915496826171875
deeppoly_affine13
0.18401670455932617
0.0064356327056884766
0.1727743148803711
0.0008895397186279297
deeppoly_affine14
0.1890726089477539
0.006474018096923828
0.17798185348510742
0.0009026527404785156
deeppoly_affine15
0.21073102951049805
0.006691932678222656
0.19923901557922363
0.0009627342224121094
deeppoly_affine16
0.25155162811279297
0.0071506500244140625
0.239091157913208
0.0010437965393066406
deeppoly_affine17
0.3187687397003174
0.0071849822998046875
0.3065054416656494
0.0010678768157958984
deeppoly_affine18
0.46340274810791016
0.007650613784790039
0.45026683807373047
0.0011739730834960938
deeppoly_affine19
0.7659180164337158
0.007824897766113281
0.7522187232971191
0.001190185546875
deeppoly_affine20
1.4028410911560059
0.008099794387817383
1.3884315490722656
0.001302480697631836
deeppoly_affine21
2.476999282836914
0.008448600769042969
2.4615583419799805
0.0013430118560791016
deeppoly_affine22
4.7781267166137695
0.008759737014770508
4.762776613235474
0.0013659000396728516
deeppoly_affine23
9.622804164886475
0.009057760238647461
9.607073783874512
0.0014781951904296875
deeppoly_affine24
19.619837999343872
0.009547948837280273
19.603925943374634
0.0015139579772949219
deeppoly_affine25
39.68533277511597
0.009998559951782227
39.667996406555176
0.0016438961029052734
deeppoly_affine26
74.54895615577698
0.009630680084228516
74.53199577331543
0.0016183853149414062
deeppoly_affine27
148.97613787651062
0.010456085205078125
148.95815134048462
0.001706838607788086
deeppoly_affine28
307.66721773147583
0.01093149185180664
307.64949107170105
0.001752614974975586
deeppoly_maxpool10
0.17187952995300293
0.029948711395263672
0
0.001752614974975586
deeppoly_maxpool100
0.17215776443481445
0.030542850494384766
0
0.001752614974975586
deeppoly_maxpool20
0.17315387725830078
0.02957773208618164
0
0.001752614974975586
deeppoly_maxpool30
0.17277264595031738
0.03069591522216797
0
0.001752614974975586
deeppoly_maxpool40
0.17320799827575684
0.030172348022460938
0
0.001752614974975586
deeppoly_maxpool50
0.1729433536529541
0.029561758041381836
0
0.001752614974975586
deeppoly_maxpool60
0.17270445823669434
0.029653549194335938
0
0.001752614974975586
deeppoly_maxpool70
0.1730484962463379
0.030310869216918945
0
0.001752614974975586
deeppoly_maxpool80
0.17650532722473145
0.029682636260986328
0
0.001752614974975586
deeppoly_maxpool90
0.17263531684875488
0.030083417892456055
0
0.001752614974975586
deeppoly_relu10
0.2068326473236084
0.04232335090637207
0
0.001752614974975586
deeppoly_relu100
0.20139670372009277
0.041463375091552734
0
0.001752614974975586
deeppoly_relu20
0.20548582077026367
0.04093289375305176
0
0.001752614974975586
deeppoly_relu30
0.20246648788452148
0.04228687286376953
0
0.001752614974975586
deeppoly_relu40
0.20299267768859863
0.0413661003112793
0
0.001752614974975586
deeppoly_relu50
0.2042374610900879
0.0428469181060791
0
0.001752614974975586
deeppoly_relu60
0.20249271392822266
0.04163312911987305
0
0.001752614974975586
deeppoly_relu70
0.20227885246276855
0.04111337661743164
0
0.001752614974975586
deeppoly_relu80
0.2012019157409668
0.040968894958496094
0
0.001752614974975586
deeppoly_relu90
0.2077465057373047
0.040949344635009766
0
0.001752614974975586
fb_affine10
2.3339121341705322
0.006500244140625
0
0.001752614974975586
fb_affine100
1.2881100177764893
0.01134347915649414
0
0.001752614974975586
fb_affine20
2.3546855449676514
0.00684666633605957
0
0.001752614974975586
fb_affine30
1.415334701538086
0.007441043853759766
0
0.001752614974975586
fb_affine40
1.1927242279052734
0.007890462875366211
0
0.001752614974975586
fb_affine50
1.1340539455413818
0.008414506912231445
0
0.001752614974975586
fb_affine60
1.127366542816162
0.008849620819091797
0
0.001752614974975586
fb_affine70
1.1162548065185547
0.009607553482055664
0
0.001752614974975586
fb_affine80
1.1405086517333984
0.010162115097045898
0
0.001752614974975586
fb_affine90
1.1587889194488525
0.01078176498413086
0
0.001752614974975586
fb_maxpool10
0.06385540962219238
0.016945838928222656
0
0.001752614974975586
fb_maxpool100
0.06321048736572266
0.016964435577392578
0
0.001752614974975586
fb_maxpool20
0.06617236137390137
0.016313791275024414
0
0.001752614974975586
fb_maxpool30
0.06350946426391602
0.01631903648376465
0
0.001752614974975586
fb_maxpool40
0.06390762329101562
0.016576290130615234
0
0.001752614974975586
fb_maxpool50
0.0632011890411377
0.016366243362426758
0
0.001752614974975586
fb_maxpool60
0.06366252899169922
0.016988754272460938
0
0.001752614974975586
fb_maxpool70
0.0635538101196289
0.01649165153503418
0
0.001752614974975586
fb_maxpool80
0.0632774829864502
0.01627206802368164
0
0.001752614974975586
fb_maxpool90
0.06349921226501465
0.016988754272460938
0
0.001752614974975586
fb_relu10
0.07230281829833984
0.008826255798339844
0
0.001752614974975586
fb_relu100
0.07199478149414062
0.00838780403137207
0
0.001752614974975586
fb_relu20
0.07172393798828125
0.008271455764770508
0
0.001752614974975586
fb_relu30
0.07199597358703613
0.008639097213745117
0
0.001752614974975586
fb_relu40
0.07184195518493652
0.008906841278076172
0
0.001752614974975586
fb_relu50
0.07173895835876465
0.008767127990722656
0
0.001752614974975586
fb_relu60
0.07239246368408203
0.008772611618041992
0
0.001752614974975586
fb_relu70
0.0725257396697998
0.008723735809326172
0
0.001752614974975586
fb_relu80
0.07139229774475098
0.008771896362304688
0
0.001752614974975586
fb_relu90
0.07245159149169922
0.008223533630371094
0
0.001752614974975586
ibp_affine10
0.0824425220489502
0.0035119056701660156
0
0.001752614974975586
ibp_affine100
0.08418798446655273
0.0036275386810302734
0
0.001752614974975586
ibp_affine20
0.08425164222717285
0.003577709197998047
0
0.001752614974975586
ibp_affine30
0.08447670936584473
0.003580331802368164
0
0.001752614974975586
ibp_affine40
0.08486676216125488
0.0036334991455078125
0
0.001752614974975586
ibp_affine50
0.08364582061767578
0.0036482810974121094
0
0.001752614974975586
ibp_affine60
0.08435416221618652
0.003923177719116211
0
0.001752614974975586
ibp_affine70
0.08392000198364258
0.0036630630493164062
0
0.001752614974975586
ibp_affine80
0.08819103240966797
0.003648996353149414
0
0.001752614974975586
ibp_affine90
0.08347368240356445
0.003571033477783203
0
0.001752614974975586
ibp_maxpool10
0.06635856628417969
0.00856471061706543
0
0.001752614974975586
ibp_maxpool100
0.06670618057250977
0.008829116821289062
0
0.001752614974975586
ibp_maxpool20
0.06615209579467773
0.009067535400390625
0
0.001752614974975586
ibp_maxpool30
0.06665778160095215
0.008755922317504883
0
0.001752614974975586
ibp_maxpool40
0.06599092483520508
0.00955510139465332
0
0.001752614974975586
ibp_maxpool50
0.06862378120422363
0.00886082649230957
0
0.001752614974975586
ibp_maxpool60
0.06630253791809082
0.009061574935913086
0
0.001752614974975586
ibp_maxpool70
0.06477832794189453
0.009013175964355469
0
0.001752614974975586
ibp_maxpool80
0.06947159767150879
0.009088993072509766
0
0.001752614974975586
ibp_maxpool90
0.06680607795715332
0.008559465408325195
0
0.001752614974975586
ibp_relu10
0.10446548461914062
0.01878666877746582
0
0.001752614974975586
ibp_relu100
0.09855365753173828
0.01844167709350586
0
0.001752614974975586
ibp_relu20
0.10123085975646973
0.018088340759277344
0
0.001752614974975586
ibp_relu30
0.0996713638305664
0.018538713455200195
0
0.001752614974975586
ibp_relu40
0.10053682327270508
0.018419742584228516
0
0.001752614974975586
ibp_relu50
0.10057210922241211
0.01821422576904297
0
0.001752614974975586
ibp_relu60
0.10027718544006348
0.018663883209228516
0
0.001752614974975586
ibp_relu70
0.09848809242248535
0.018155813217163086
0
0.001752614974975586
ibp_relu80
0.09982848167419434
0.01869797706604004
0
0.001752614974975586
ibp_relu90
0.10061287879943848
0.018399715423583984
0
0.001752614974975586
polyzono_affine10
0.252485990524292
0.0057561397552490234
0
0.001752614974975586
polyzono_affine11
0.3363029956817627
0.00629425048828125
0
0.001752614974975586
polyzono_affine12
0.5011270046234131
0.0064122676849365234
0
0.001752614974975586
polyzono_affine13
0.81919264793396
0.006962299346923828
0
0.001752614974975586
polyzono_affine14
1.4696288108825684
0.006915092468261719
0
0.001752614974975586
polyzono_affine15
2.771867513656616
0.007344722747802734
0
0.001752614974975586
polyzono_affine16
5.304458856582642
0.007990360260009766
0
0.001752614974975586
polyzono_affine17
10.704871654510498
0.008257389068603516
0
0.001752614974975586
polyzono_affine18
21.121127605438232
0.008642435073852539
0
0.001752614974975586
polyzono_affine19
40.69804573059082
0.00869607925415039
0
0.001752614974975586
polyzono_affine20
85.68099522590637
0.00903630256652832
0
0.001752614974975586
polyzono_affine21
163.82272672653198
0.009771108627319336
0
0.001752614974975586
polyzono_affine22
0
0
0
0.001752614974975586
polyzono_affine30
0
0
0
0.001752614974975586
polyzono_relu10
0.23592877388000488
0.04459524154663086
0
0.001752614974975586
polyzono_relu100
0.34892773628234863
0.07182574272155762
0
0.001752614974975586
polyzono_relu20
0.24747037887573242
0.04742622375488281
0
0.001752614974975586
polyzono_relu30
0.259077787399292
0.049783945083618164
0
0.001752614974975586
polyzono_relu40
0.2722055912017822
0.052614450454711914
0
0.001752614974975586
polyzono_relu50
0.2824819087982178
0.05521345138549805
0
0.001752614974975586
polyzono_relu60
0.2958371639251709
0.05897402763366699
0
0.001752614974975586
polyzono_relu70
0.3076300621032715
0.06178164482116699
0
0.001752614974975586
polyzono_relu80
0.32142114639282227
0.06519818305969238
0
0.001752614974975586
polyzono_relu90
0.3348851203918457
0.06811237335205078
0
0.001752614974975586
refinezono_affine10
0.10614204406738281
0.006695985794067383
0
0.001752614974975586
refinezono_affine100
0.15186238288879395
0.011839866638183594
0
0.001752614974975586
refinezono_affine20
0.11205077171325684
0.0077326297760009766
0
0.001752614974975586
refinezono_affine30
0.11767840385437012
0.008080720901489258
0
0.001752614974975586
refinezono_affine40
0.12821602821350098
0.009063243865966797
0
0.001752614974975586
refinezono_affine50
0.12846040725708008
0.009408235549926758
0
0.001752614974975586
refinezono_affine60
0.13473224639892578
0.009867668151855469
0
0.001752614974975586
refinezono_affine70
0.14323854446411133
0.010922431945800781
0
0.001752614974975586
refinezono_affine80
0.14287471771240234
0.011078834533691406
0
0.001752614974975586
refinezono_affine90
0.1453266143798828
0.011475086212158203
0
0.001752614974975586
refinezono_relu10
0.1949937343597412
0.03848910331726074
0
0.001752614974975586
refinezono_relu100
0.3015785217285156
0.0818474292755127
0
0.001752614974975586
refinezono_relu20
0.20840692520141602
0.042870283126831055
0
0.001752614974975586
refinezono_relu30
0.21392059326171875
0.04443240165710449
0
0.001752614974975586
refinezono_relu40
0.22803258895874023
0.05005502700805664
0
0.001752614974975586
refinezono_relu50
0.2399766445159912
0.05428886413574219
0
0.001752614974975586
refinezono_relu60
0.24527287483215332
0.059140682220458984
0
0.001752614974975586
refinezono_relu70
0.2553856372833252
0.060338735580444336
0
0.001752614974975586
refinezono_relu80
0.2855374813079834
0.07057690620422363
0
0.001752614974975586
refinezono_relu90
0.2746138572692871
0.07300186157226562
0
0.001752614974975586
zono_affine10
0.09065961837768555
0.004019737243652344
0
0.001752614974975586
zono_affine100
0.12874507904052734
0.006753683090209961
0
0.001752614974975586
zono_affine20
0.09921765327453613
0.004383563995361328
0
0.001752614974975586
zono_affine30
0.09911799430847168
0.004639863967895508
0
0.001752614974975586
zono_affine40
0.10337233543395996
0.004825592041015625
0
0.001752614974975586
zono_affine50
0.1085200309753418
0.005310773849487305
0
0.001752614974975586
zono_affine60
0.1136174201965332
0.005609273910522461
0
0.001752614974975586
zono_affine70
0.11623263359069824
0.005800485610961914
0
0.001752614974975586
zono_affine80
0.12030339241027832
0.0062105655670166016
0
0.001752614974975586
zono_affine90
0.12464165687561035
0.006528615951538086
0
0.001752614974975586
zono_relu10
0.1406993865966797
0.027069807052612305
0
0.001752614974975586
zono_relu100
0.2015383243560791
0.04378461837768555
0
0.001752614974975586
zono_relu20
0.14781737327575684
0.029216527938842773
0
0.001752614974975586
zono_relu30
0.1538238525390625
0.030762910842895508
0
0.001752614974975586
zono_relu40
0.16010570526123047
0.03258943557739258
0
0.001752614974975586
zono_relu50
0.17482447624206543
0.035993337631225586
0
0.001752614974975586
zono_relu60
0.17911577224731445
0.03667712211608887
0
0.001752614974975586
zono_relu70
0.18357014656066895
0.03791522979736328
0
0.001752614974975586
zono_relu80
0.1868269443511963
0.03985142707824707
0
0.001752614974975586
zono_relu90
0.19601941108703613
0.0417332649230957
0
0.001752614974975586
