deeppoly_affine1 1 1
0.30223976203918457
0.004153251647949219
deeppoly_affine1 10 1
0.12422
0
deeppoly_affine1 2 1
0.3063198191833496
0.004880666732788086
deeppoly_affine1 3 1
0.30989943572998047
0.004883766174316406
deeppoly_affine1 4 1
0.31284295150756836
0.005264997482299805
deeppoly_affine1 5 1
0.3135090930175781
0.005617380142211914
deeppoly_affine1 6 1
0.3262785536956787
0.006041526794433594
deeppoly_affine1 7 1
0.3381916148376465
0.006102561950683594
deeppoly_affine1 8 1
0.12422
0
deeppoly_affine1 9 1
0.12422
0
deeppoly_affine10 1 10
0.31040202209472656
0.004576444625854492
deeppoly_affine10 10 10
0.12422
0
deeppoly_affine10 2 10
0.3124841315460205
0.005026340484619141
deeppoly_affine10 3 10
0.31514893600463867
0.005399227142333984
deeppoly_affine10 4 10
0.3194259268951416
0.005479574203491211
deeppoly_affine10 5 10
0.32579361030578613
0.005949497222900391
deeppoly_affine10 6 10
0.33153711387634277
0.006632089614868164
deeppoly_affine10 7 10
0.34529863426208496
0.006421089172363281
deeppoly_affine10 8 10
0.12422
0
deeppoly_affine10 9 10
0.12422
0
deeppoly_affine2 1 2
0.30424843856811523
0.004952192306518555
deeppoly_affine2 10 2
0.12422
0
deeppoly_affine2 2 2
0.3061545951080322
0.004975795745849609
deeppoly_affine2 3 2
0.3087464434814453
0.005221843719482422
deeppoly_affine2 4 2
0.3129540545654297
0.005240201950073242
deeppoly_affine2 5 2
0.32042776176452636
0.005550861358642578
deeppoly_affine2 6 2
0.32349048683166504
0.005791425704956055
deeppoly_affine2 7 2
0.33841453620910644
0.006476879119873047
deeppoly_affine2 8 2
0.12422
0
deeppoly_affine2 9 2
0.12422
0
deeppoly_affine3 1 3
0.3051937682342529
0.0043942928314208984
deeppoly_affine3 10 3
0.12422
0
deeppoly_affine3 2 3
0.3063024146270752
0.004603147506713867
deeppoly_affine3 3 3
0.31435428688049316
0.005138874053955078
deeppoly_affine3 4 3
0.3124645812225342
0.005334377288818359
deeppoly_affine3 5 3
0.3177159888458252
0.005686521530151367
deeppoly_affine3 6 3
0.32907568046569824
0.006019115447998047
deeppoly_affine3 7 3
0.3389106852722168
0.006155967712402344
deeppoly_affine3 8 3
0.12422
0
deeppoly_affine3 9 3
0.12422
0
deeppoly_affine4 1 4
0.30420266220092773
0.004368305206298828
deeppoly_affine4 10 4
0.12422
0
deeppoly_affine4 2 4
0.3085759741973877
0.004724740982055664
deeppoly_affine4 3 4
0.309769259185791
0.005074024200439453
deeppoly_affine4 4 4
0.31970869132995605
0.0054934024810791016
deeppoly_affine4 5 4
0.3219271762084961
0.005663871765136719
deeppoly_affine4 6 4
0.3273137671661377
0.006283283233642578
deeppoly_affine4 7 4
0.3400868041229248
0.006132841110229492
deeppoly_affine4 8 4
0.12422
0
deeppoly_affine4 9 4
0.12422
0
deeppoly_affine5 1 5
0.3044844729614258
0.004378557205200195
deeppoly_affine5 10 5
0.12422
0
deeppoly_affine5 2 5
0.3088220221710205
0.0048923492431640625
deeppoly_affine5 3 5
0.31074844429016113
0.005325794219970703
deeppoly_affine5 4 5
0.3159483535003662
0.005367755889892578
deeppoly_affine5 5 5
0.3214713198852539
0.005624294281005859
deeppoly_affine5 6 5
0.33047782012939453
0.006163120269775391
deeppoly_affine5 7 5
0.3397055728149414
0.0063517093658447266
deeppoly_affine5 9 5
0.12422
0
deeppoly_affine6 1 6
0.31737218925476074
0.004533529281616211
deeppoly_affine6 10 6
0.12422
0
deeppoly_affine6 2 6
0.3068679434967041
0.004996061325073242
deeppoly_affine6 3 6
0.3125449282836914
0.005020618438720703
deeppoly_affine6 4 6
0.31579910346984863
0.0053691864013671875
deeppoly_affine6 5 6
0.3203128440093994
0.0056574344635009766
deeppoly_affine6 6 6
0.3303495509338379
0.006083965301513672
deeppoly_affine6 7 6
0.3382269007873535
0.006182432174682617
deeppoly_affine6 8 6
0.12422
0
deeppoly_affine6 9 6
0.12422
0
deeppoly_affine7 1 7
0.3052326304626465
0.004534006118774414
deeppoly_affine7 10 7
0.12422
0
deeppoly_affine7 2 7
0.31110440322875976
0.004902839660644531
deeppoly_affine7 3 7
0.3096629244995117
0.005135059356689453
deeppoly_affine7 4 7
0.31951104232788086
0.005514383316040039
deeppoly_affine7 5 7
0.321527825088501
0.005697488784790039
deeppoly_affine7 6 7
0.32946048805236816
0.006333827972412109
deeppoly_affine7 7 7
0.3459039790344238
0.006171464920043945
deeppoly_affine7 8 7
0.12422
0
deeppoly_affine7 9 7
0.12422
0
deeppoly_affine8 1 8
0.3103512389373779
0.004608154296875
deeppoly_affine8 10 8
0.12422
0
deeppoly_affine8 2 8
0.3097540003967285
0.004837989807128906
deeppoly_affine8 3 8
0.3164819342803955
0.005168437957763672
deeppoly_affine8 4 8
0.3171855075073242
0.005583286285400391
deeppoly_affine8 5 8
0.32420788833618164
0.005869865417480469
deeppoly_affine8 6 8
0.32996355125427246
0.0058405399322509766
deeppoly_affine8 7 8
0.34212122985839843
0.006222248077392578
deeppoly_affine8 8 8
0.12422
0
deeppoly_affine8 9 8
0.12422
0
deeppoly_affine9 1 9
0.30898319313049316
0.004667520523071289
deeppoly_affine9 10 9
0.12422
0
deeppoly_affine9 2 9
0.3100997073364258
0.004991054534912109
deeppoly_affine9 3 9
0.3124495608520508
0.005147695541381836
deeppoly_affine9 4 9
0.32042800018310547
0.005758762359619141
deeppoly_affine9 5 9
0.3210283381652832
0.005905866622924805
deeppoly_affine9 6 9
0.33211694786071777
0.006087303161621094
deeppoly_affine9 7 9
0.3414574725341797
0.006234169006347656
deeppoly_affine9 8 9
0.12422
0
deeppoly_affine9 9 9
0.12422
0
deeppoly_maxpool1 1 1
0.15599891374206543
0.014509916305541992
deeppoly_maxpool1 10 1
0.15294739434814453
0.014287233352661133
deeppoly_maxpool1 2 1
0.15451928804016113
0.014672994613647461
deeppoly_maxpool1 3 1
0.15304013917541504
0.014280557632446289
deeppoly_maxpool1 4 1
0.1529717130432129
0.014070272445678711
deeppoly_maxpool1 5 1
0.15310093591308593
0.013931035995483398
deeppoly_maxpool1 6 1
0.15296622941589355
0.014412641525268555
deeppoly_maxpool1 7 1
0.1539058370361328
0.014536619186401367
deeppoly_maxpool1 8 1
0.15299817750549316
0.013803958892822266
deeppoly_maxpool1 9 1
0.15304443070983886
0.013979673385620117
deeppoly_maxpool10 1 10
5.916406599975586
2.581841230392456
deeppoly_maxpool10 10 10
6.152729718185425
2.600084066390991
deeppoly_maxpool10 2 10
6.203854290939331
2.610079050064087
deeppoly_maxpool10 3 10
5.848916737533569
2.590508460998535
deeppoly_maxpool10 4 10
5.769278733230591
2.600250244140625
deeppoly_maxpool10 5 10
6.231124846435547
2.5909526348114014
deeppoly_maxpool10 6 10
5.7562822980651855
2.590799331665039
deeppoly_maxpool10 7 10
6.115019051528931
2.6051113605499268
deeppoly_maxpool10 8 10
5.957033125854492
2.6051595211029053
deeppoly_maxpool10 9 10
5.75675079057312
2.5931084156036377
deeppoly_maxpool2 1 2
0.14959546754455566
0.01614069938659668
deeppoly_maxpool2 10 2
0.14947363565063476
0.016174793243408203
deeppoly_maxpool2 2 2
0.15021988580322265
0.016356945037841797
deeppoly_maxpool2 3 2
0.14933225343322754
0.015527009963989258
deeppoly_maxpool2 4 2
0.1498016996154785
0.01607966423034668
deeppoly_maxpool2 5 2
0.1495415849456787
0.016078948974609375
deeppoly_maxpool2 6 2
0.1496326608428955
0.017365217208862305
deeppoly_maxpool2 7 2
0.1494803113708496
0.01674652099609375
deeppoly_maxpool2 8 2
0.1502892656097412
0.016127824783325195
deeppoly_maxpool2 9 2
0.14936229417419433
0.016106128692626953
deeppoly_maxpool3 1 3
0.15702578256225586
0.020338773727416992
deeppoly_maxpool3 10 3
0.15493961999511718
0.019652366638183594
deeppoly_maxpool3 2 3
0.15465852449035644
0.019932985305786133
deeppoly_maxpool3 3 3
0.15496775338745117
0.019988298416137695
deeppoly_maxpool3 4 3
0.15446302125549316
0.01989269256591797
deeppoly_maxpool3 5 3
0.1553246660003662
0.02009439468383789
deeppoly_maxpool3 6 3
0.15477749536132812
0.02024984359741211
deeppoly_maxpool3 7 3
0.1552157087097168
0.020104646682739258
deeppoly_maxpool3 8 3
0.15438195893859863
0.020164012908935547
deeppoly_maxpool3 9 3
0.15575596520996093
0.02076101303100586
deeppoly_maxpool4 1 4
0.168188540435791
0.023597002029418945
deeppoly_maxpool4 10 4
0.16754194924926757
0.022835731506347656
deeppoly_maxpool4 2 4
0.16697212884521484
0.023081064224243164
deeppoly_maxpool4 3 4
0.16803023049926757
0.022943735122680664
deeppoly_maxpool4 4 4
0.16746613214111328
0.022296905517578125
deeppoly_maxpool4 5 4
0.16771146485900879
0.022619247436523438
deeppoly_maxpool4 6 4
0.1680037660369873
0.02359938621520996
deeppoly_maxpool4 7 4
0.1680180711517334
0.023162126541137695
deeppoly_maxpool4 8 4
0.16724416444396972
0.02327704429626465
deeppoly_maxpool4 9 4
0.16854020783996582
0.023627281188964844
deeppoly_maxpool5 1 5
0.20393130014038086
0.032559871673583984
deeppoly_maxpool5 10 5
0.2029623670349121
0.030022621154785156
deeppoly_maxpool5 2 5
0.2038628740081787
0.029874324798583984
deeppoly_maxpool5 3 5
0.2005655450592041
0.030173778533935547
deeppoly_maxpool5 4 5
0.20060536096191406
0.030521392822265625
deeppoly_maxpool5 5 5
0.19994589517211914
0.03008127212524414
deeppoly_maxpool5 6 5
0.20072147080993652
0.0293576717376709
deeppoly_maxpool5 7 5
0.19997688958740234
0.029625415802001953
deeppoly_maxpool5 8 5
0.20282193849182129
0.030612468719482422
deeppoly_maxpool5 9 5
0.20014235208129882
0.029794692993164062
deeppoly_maxpool6 1 6
0.28452846238708496
0.05143284797668457
deeppoly_maxpool6 10 6
0.2836465520629883
0.05123162269592285
deeppoly_maxpool6 2 6
0.28435632417297363
0.05142712593078613
deeppoly_maxpool6 3 6
0.28569003770446777
0.05129694938659668
deeppoly_maxpool6 4 6
0.2802011651763916
0.05072903633117676
deeppoly_maxpool6 5 6
0.28132006356811523
0.0514521598815918
deeppoly_maxpool6 6 6
0.2911870164642334
0.051694393157958984
deeppoly_maxpool6 7 6
0.2841853780517578
0.050624847412109375
deeppoly_maxpool6 8 6
0.28377911279296875
0.05139350891113281
deeppoly_maxpool6 9 6
0.283936945892334
0.05127978324890137
deeppoly_maxpool7 1 7
0.499482600189209
0.06955790519714355
deeppoly_maxpool7 10 7
0.5051774663696289
0.06999707221984863
deeppoly_maxpool7 2 7
0.5079397840270996
0.06917762756347656
deeppoly_maxpool7 3 7
0.509818760848999
0.06996560096740723
deeppoly_maxpool7 4 7
0.49906822869873046
0.0694425106048584
deeppoly_maxpool7 5 7
0.5007579011688232
0.06929564476013184
deeppoly_maxpool7 6 7
0.5054940862426758
0.07001876831054688
deeppoly_maxpool7 7 7
0.5314166230926514
0.06989669799804688
deeppoly_maxpool7 8 7
0.5075246972808838
0.0686790943145752
deeppoly_maxpool7 9 7
0.5068089647064209
0.06987857818603516
deeppoly_maxpool8 1 8
1.0618943853149414
0.21561622619628906
deeppoly_maxpool8 10 8
1.1042687577972412
0.21454143524169922
deeppoly_maxpool8 2 8
1.054419009185791
0.2143392562866211
deeppoly_maxpool8 3 8
1.0661430043945312
0.21517252922058105
deeppoly_maxpool8 4 8
1.0249392671356201
0.21848773956298828
deeppoly_maxpool8 5 8
1.0537705106506348
0.21112346649169922
deeppoly_maxpool8 6 8
1.0534174127349853
0.2140212059020996
deeppoly_maxpool8 7 8
1.1364743394622803
0.21072053909301758
deeppoly_maxpool8 8 8
1.0927135629425049
0.21397614479064941
deeppoly_maxpool8 9 8
1.057036368347168
0.21227526664733887
deeppoly_maxpool9 1 9
2.539035765625
0.5202076435089111
deeppoly_maxpool9 10 9
2.365256993270874
0.5201780796051025
deeppoly_maxpool9 2 9
2.3450863046417236
0.5133144855499268
deeppoly_maxpool9 3 9
2.353192774749756
0.515172004699707
deeppoly_maxpool9 4 9
2.386581866241455
0.5122418403625488
deeppoly_maxpool9 5 9
2.555055109954834
0.521491289138794
deeppoly_maxpool9 6 9
2.4410919828186035
0.5072710514068604
deeppoly_maxpool9 7 9
2.3818573636779785
0.5170917510986328
deeppoly_maxpool9 8 9
2.5648221654663086
0.5208926200866699
deeppoly_maxpool9 9 9
2.357460705734253
0.5169727802276611
deeppoly_relu1 1 1
0.23390217182922363
0.04150128364562988
deeppoly_relu1 10 1
0.23695345280456542
0.04193830490112305
deeppoly_relu1 2 1
0.23442192433166503
0.04097747802734375
deeppoly_relu1 3 1
0.23457808850097656
0.0413823127746582
deeppoly_relu1 4 1
0.2342500245361328
0.04071521759033203
deeppoly_relu1 5 1
0.23403234837341308
0.040791988372802734
deeppoly_relu1 6 1
0.23540253994750976
0.04160451889038086
deeppoly_relu1 7 1
0.23510713932800292
0.041478633880615234
deeppoly_relu1 8 1
0.23439712879943847
0.04093480110168457
deeppoly_relu1 9 1
0.23520727513122558
0.041669607162475586
deeppoly_relu10 1 10
0.23403210995483398
0.04083609580993652
deeppoly_relu10 10 10
0.23362036106872558
0.04015016555786133
deeppoly_relu10 2 10
0.23557014820861816
0.04135942459106445
deeppoly_relu10 3 10
0.23410530445861816
0.04048323631286621
deeppoly_relu10 4 10
0.23446746228027343
0.0420229434967041
deeppoly_relu10 5 10
0.23416490910339355
0.04055953025817871
deeppoly_relu10 6 10
0.24417086003112792
0.04644918441772461
deeppoly_relu10 7 10
0.23276610729980468
0.04053783416748047
deeppoly_relu10 8 10
0.23727579472351074
0.041174888610839844
deeppoly_relu10 9 10
0.23376746533203124
0.04069089889526367
deeppoly_relu2 1 2
0.24223680851745605
0.04619026184082031
deeppoly_relu2 10 2
0.23559899685668945
0.04191255569458008
deeppoly_relu2 2 2
0.23413963673400878
0.040554046630859375
deeppoly_relu2 3 2
0.24939270375061035
0.04869985580444336
deeppoly_relu2 4 2
0.23516102192687988
0.040740013122558594
deeppoly_relu2 5 2
0.2345678365020752
0.04096484184265137
deeppoly_relu2 6 2
0.2417110955505371
0.04196953773498535
deeppoly_relu2 7 2
0.2459356343536377
0.0437009334564209
deeppoly_relu2 8 2
0.2362339055328369
0.043328285217285156
deeppoly_relu2 9 2
0.23481150028991699
0.04138445854187012
deeppoly_relu3 1 3
0.23510666249084472
0.0406336784362793
deeppoly_relu3 10 3
0.23406501171875
0.04087376594543457
deeppoly_relu3 2 3
0.23513074276733398
0.042218685150146484
deeppoly_relu3 3 3
0.2353496110229492
0.04142403602600098
deeppoly_relu3 4 3
0.23432822583007812
0.04140353202819824
deeppoly_relu3 5 3
0.24612827656555175
0.04441976547241211
deeppoly_relu3 6 3
0.23502345440673827
0.04160761833190918
deeppoly_relu3 7 3
0.23700423596191406
0.04194378852844238
deeppoly_relu3 8 3
0.2335490739135742
0.04071831703186035
deeppoly_relu3 9 3
0.23407168743896484
0.04097747802734375
deeppoly_relu4 1 4
0.23370404598999023
0.0408015251159668
deeppoly_relu4 10 4
0.2362174546508789
0.04195356369018555
deeppoly_relu4 2 4
0.2356698071746826
0.0413057804107666
deeppoly_relu4 3 4
0.23363252041625976
0.040494680404663086
deeppoly_relu4 4 4
0.2349814927368164
0.041458845138549805
deeppoly_relu4 5 4
0.24255700466918945
0.04305124282836914
deeppoly_relu4 6 4
0.23329444287109374
0.04099583625793457
deeppoly_relu4 7 4
0.23455186245727538
0.04098916053771973
deeppoly_relu4 8 4
0.23530741093444824
0.04167914390563965
deeppoly_relu4 9 4
0.23756857273864745
0.04139375686645508
deeppoly_relu5 1 5
0.23540039418029785
0.04056692123413086
deeppoly_relu5 10 5
0.2348596608428955
0.04143095016479492
deeppoly_relu5 2 5
0.2333943402557373
0.04044675827026367
deeppoly_relu5 3 5
0.23452682850646972
0.040659189224243164
deeppoly_relu5 4 5
0.23479624150085449
0.04069781303405762
deeppoly_relu5 5 5
0.2363388097076416
0.040917396545410156
deeppoly_relu5 6 5
0.23429007885742187
0.04059267044067383
deeppoly_relu5 7 5
0.23469896672058105
0.04242849349975586
deeppoly_relu5 8 5
0.23568029759216308
0.042081356048583984
deeppoly_relu5 9 5
0.23746247647094726
0.04188942909240723
deeppoly_relu6 1 6
0.2346763169555664
0.040987253189086914
deeppoly_relu6 10 6
0.2351347958831787
0.04200482368469238
deeppoly_relu6 2 6
0.23372407315063476
0.04062223434448242
deeppoly_relu6 3 6
0.23450179455566406
0.04092574119567871
deeppoly_relu6 4 6
0.23467870114135742
0.040920257568359375
deeppoly_relu6 5 6
0.23380990383911132
0.04114103317260742
deeppoly_relu6 6 6
0.23325033543395995
0.04057049751281738
deeppoly_relu6 7 6
0.23365850804138183
0.041187286376953125
deeppoly_relu6 8 6
0.23370571492004394
0.04154038429260254
deeppoly_relu6 9 6
0.2340504681854248
0.041451215744018555
deeppoly_relu7 1 7
0.2348148381500244
0.04064154624938965
deeppoly_relu7 10 7
0.23656363842773437
0.04175567626953125
deeppoly_relu7 2 7
0.23555178997802734
0.041333675384521484
deeppoly_relu7 3 7
0.23407192585754394
0.04051327705383301
deeppoly_relu7 4 7
0.23454256413269042
0.04146575927734375
deeppoly_relu7 5 7
0.23427577374267577
0.04077649116516113
deeppoly_relu7 6 7
0.2336239373474121
0.04062819480895996
deeppoly_relu7 7 7
0.2337760484008789
0.04126429557800293
deeppoly_relu7 8 7
0.23471804020690917
0.04116964340209961
deeppoly_relu7 9 7
0.23322148678588867
0.040064334869384766
deeppoly_relu8 1 8
0.2353169476776123
0.04117918014526367
deeppoly_relu8 10 8
0.23685260174560546
0.04271554946899414
deeppoly_relu8 2 8
0.2350577866821289
0.041388750076293945
deeppoly_relu8 3 8
0.23801370022583007
0.04290008544921875
deeppoly_relu8 4 8
0.23644347546386718
0.042165517807006836
deeppoly_relu8 5 8
0.2338971650390625
0.04074263572692871
deeppoly_relu8 6 8
0.24613185284423827
0.04721236228942871
deeppoly_relu8 7 8
0.24990697262573242
0.047955989837646484
deeppoly_relu8 8 8
0.23874397633361816
0.04273629188537598
deeppoly_relu8 9 8
0.2372104680328369
0.04300117492675781
deeppoly_relu9 1 9
0.23658938763427734
0.04238247871398926
deeppoly_relu9 10 9
0.23410172817993163
0.04132509231567383
deeppoly_relu9 2 9
0.23273511288452148
0.040236711502075195
deeppoly_relu9 3 9
0.23383279202270507
0.04044675827026367
deeppoly_relu9 4 9
0.23461957333374023
0.04077315330505371
deeppoly_relu9 5 9
0.23332949040222167
0.04089474678039551
deeppoly_relu9 6 9
0.23381467221069335
0.04040074348449707
deeppoly_relu9 7 9
0.23381514904785156
0.040612220764160156
deeppoly_relu9 8 9
0.2347216164855957
0.041021108627319336
deeppoly_relu9 9 9
0.23425860760498046
0.0416560173034668
fb_affine1 1 1
0.0890402201538086
0.005838155746459961
fb_affine1 10 1
1.0432991389160156
0.00616908073425293
fb_affine1 2 1
0.0934502486114502
0.00628352165222168
fb_affine1 3 1
0.09566038883972168
0.005899906158447266
fb_affine1 4 1
0.1043300036315918
0.0058879852294921875
fb_affine1 5 1
0.11990731991577148
0.006006479263305664
fb_affine1 6 1
0.15227264202880858
0.006062030792236328
fb_affine1 7 1
0.21183937825012206
0.00611424446105957
fb_affine1 8 1
0.3557228449707031
0.006593942642211914
fb_affine1 9 1
0.5759534243469239
0.0061168670654296875
fb_affine10 1 10
0.12058323658752441
0.006700754165649414
fb_affine10 10 10
2.523057163131714
0.007382631301879883
fb_affine10 2 10
0.1486610773925781
0.007101774215698242
fb_affine10 3 10
0.18380922116088866
0.0065801143646240234
fb_affine10 4 10
0.267876565826416
0.006785154342651367
fb_affine10 5 10
0.4293865565185547
0.007052898406982422
fb_affine10 6 10
0.7326819304351807
0.0069370269775390625
fb_affine10 7 10
1.3501369360809325
0.0071125030517578125
fb_affine10 8 10
2.4991001490478517
0.007284879684448242
fb_affine10 9 10
2.486715257537842
0.007333040237426758
fb_affine2 1 2
0.09201878346252441
0.005877017974853516
fb_affine2 10 2
1.9751572016601562
0.006348371505737305
fb_affine2 2 2
0.09728211201477051
0.006064653396606445
fb_affine2 3 2
0.10880798138427734
0.006427288055419922
fb_affine2 4 2
0.12289446629333496
0.006086111068725586
fb_affine2 5 2
0.1532353762512207
0.006059169769287109
fb_affine2 6 2
0.21389502323913573
0.006129026412963867
fb_affine2 7 2
0.3337621096496582
0.006251811981201172
fb_affine2 8 2
0.5693904761199952
0.006163597106933594
fb_affine2 9 2
1.064270675552368
0.0062084197998046875
fb_affine3 1 3
0.09527200497436523
0.0059511661529541016
fb_affine3 10 3
2.496201217544556
0.006528377532958984
fb_affine3 2 3
0.10200661457824707
0.0061185359954833984
fb_affine3 3 3
0.11481875218200684
0.006049156188964844
fb_affine3 4 3
0.13812202252197264
0.006164073944091797
fb_affine3 5 3
0.18735188282775878
0.006326198577880859
fb_affine3 6 3
0.29562443531799315
0.006796836853027344
fb_affine3 7 3
0.45734971798706053
0.006323337554931641
fb_affine3 8 3
0.8188156489257813
0.006384372711181641
fb_affine3 9 3
1.5481752756958007
0.00649571418762207
fb_affine4 1 4
0.09867709912109375
0.006145954132080078
fb_affine4 10 4
2.4463319186096193
0.006607532501220703
fb_affine4 2 4
0.10747140682983398
0.006199359893798828
fb_affine4 3 4
0.12484449185180664
0.006191730499267578
fb_affine4 4 4
0.15863007344055174
0.006313323974609375
fb_affine4 5 4
0.2308880690460205
0.006853342056274414
fb_affine4 6 4
0.33968871868896483
0.006419181823730469
fb_affine4 7 4
0.583282649887085
0.006356000900268555
fb_affine4 8 4
1.0771767500762939
0.006458282470703125
fb_affine4 9 4
2.0280911330108644
0.006458282470703125
fb_affine5 1 5
0.10211652554321289
0.006160259246826172
fb_affine5 10 5
2.4685825709228517
0.006845951080322266
fb_affine5 2 5
0.11448234356689453
0.006337404251098633
fb_affine5 3 5
0.13726705349731444
0.0064275264739990234
fb_affine5 4 5
0.1756379011993408
0.00642704963684082
fb_affine5 5 5
0.2549039725189209
0.006429910659790039
fb_affine5 6 5
0.4161311987762451
0.006642341613769531
fb_affine5 7 5
0.7090501192932129
0.006537437438964844
fb_affine5 8 5
1.3373247984771728
0.006845951080322266
fb_affine5 9 5
2.4494587782745363
0.0067560672760009766
fb_affine6 1 6
0.10658520497131348
0.006270885467529297
fb_affine6 10 6
2.434778631103516
0.006803035736083984
fb_affine6 2 6
0.12016433514404297
0.00638127326965332
fb_affine6 3 6
0.15109270848083495
0.00690913200378418
fb_affine6 4 6
0.1919338110809326
0.006458759307861328
fb_affine6 5 6
0.2827522162322998
0.00650477409362793
fb_affine6 6 6
0.4653825167541504
0.0064697265625
fb_affine6 7 6
0.8156594637756348
0.0065648555755615234
fb_affine6 8 6
1.6159493330841064
0.006814479827880859
fb_affine6 9 6
2.4998835924987794
0.0067517757415771484
fb_affine7 1 7
0.10885947979736328
0.006422281265258789
fb_affine7 10 7
2.520355165374756
0.007004499435424805
fb_affine7 2 7
0.12565773762512206
0.006396293640136719
fb_affine7 3 7
0.16219705380249022
0.006829977035522461
fb_affine7 4 7
0.20979470051574706
0.006562948226928711
fb_affine7 5 7
0.31823533810424803
0.006529569625854492
fb_affine7 6 7
0.546584070098877
0.006730556488037109
fb_affine7 7 7
0.988288581741333
0.006850242614746094
fb_affine7 8 7
1.792262733352661
0.006859540939331055
fb_affine7 9 7
2.50191086567688
0.0070590972900390625
fb_affine8 1 8
0.11250561512756348
0.00643467903137207
fb_affine8 10 8
2.4485902193908693
0.0070416927337646484
fb_affine8 2 8
0.1296922568206787
0.006432771682739258
fb_affine8 3 8
0.16453284062194823
0.006661176681518555
fb_affine8 4 8
0.2423014048461914
0.007213592529296875
fb_affine8 5 8
0.35446375645446776
0.006585359573364258
fb_affine8 6 8
0.6412555579071045
0.007084846496582031
fb_affine8 7 8
1.0902206305389404
0.0067555904388427734
fb_affine8 8 8
2.0341739062194826
0.0068433284759521484
fb_affine8 9 8
2.5140742663269044
0.0069959163665771484
fb_affine9 1 9
0.11715310848999023
0.0064258575439453125
fb_affine9 10 9
2.463587224853516
0.007233381271362305
fb_affine9 2 9
0.13747113980102538
0.006540060043334961
fb_affine9 3 9
0.17563337124633788
0.0066683292388916016
fb_affine9 4 9
0.24250668324279784
0.006657600402832031
fb_affine9 5 9
0.41279572285461424
0.007206916809082031
fb_affine9 6 9
0.6483067873840332
0.006861209869384766
fb_affine9 7 9
1.2344848517303466
0.006998777389526367
fb_affine9 8 9
2.300591409576416
0.00705409049987793
fb_affine9 9 9
2.5487958792572023
0.007117033004760742
fb_maxpool1 1 1
0.07023180503845214
0.015671968460083008
fb_maxpool1 10 1
0.07058323402404784
0.015027284622192383
fb_maxpool1 2 1
0.07137859840393065
0.01585221290588379
fb_maxpool1 3 1
0.0700589515686035
0.015221357345581055
fb_maxpool1 4 1
0.07023275871276854
0.015705108642578125
fb_maxpool1 5 1
0.0704392292022705
0.015665292739868164
fb_maxpool1 6 1
0.07009972114562987
0.015457630157470703
fb_maxpool1 7 1
0.07023299713134765
0.015035867691040039
fb_maxpool1 8 1
0.07045281906127929
0.015531301498413086
fb_maxpool1 9 1
0.0700277187347412
0.015453100204467773
fb_maxpool10 1 10
0.08725179214477538
0.093536376953125
fb_maxpool10 10 10
0.08584965248107909
0.09282350540161133
fb_maxpool10 2 10
0.0861715175628662
0.09249997138977051
fb_maxpool10 3 10
0.08622349281311034
0.09441447257995605
fb_maxpool10 4 10
0.0873767234802246
0.09254002571105957
fb_maxpool10 5 10
0.08641088981628417
0.09508919715881348
fb_maxpool10 6 10
0.08604658622741698
0.0928945541381836
fb_maxpool10 7 10
0.08719695587158202
0.09499120712280273
fb_maxpool10 8 10
0.08608258743286132
0.09235882759094238
fb_maxpool10 9 10
0.08644832153320312
0.09302020072937012
fb_maxpool2 1 2
0.07128394622802733
0.015488386154174805
fb_maxpool2 10 2
0.07144177932739257
0.015530824661254883
fb_maxpool2 2 2
0.07199061889648437
0.01554417610168457
fb_maxpool2 3 2
0.0713092185974121
0.01585245132446289
fb_maxpool2 4 2
0.07142866630554198
0.014953851699829102
fb_maxpool2 5 2
0.07160771865844726
0.016098499298095703
fb_maxpool2 6 2
0.07157767791748046
0.0158236026763916
fb_maxpool2 7 2
0.07125485916137694
0.015796184539794922
fb_maxpool2 8 2
0.07135165710449218
0.015610218048095703
fb_maxpool2 9 2
0.07148588676452636
0.015877723693847656
fb_maxpool3 1 3
0.07333696861267089
0.016900062561035156
fb_maxpool3 10 3
0.07286799926757812
0.01624131202697754
fb_maxpool3 2 3
0.07301295776367187
0.016934871673583984
fb_maxpool3 3 3
0.07290090103149413
0.01730966567993164
fb_maxpool3 4 3
0.07330454368591308
0.01696157455444336
fb_maxpool3 5 3
0.07510078926086425
0.017232894897460938
fb_maxpool3 6 3
0.07341683883666991
0.016608476638793945
fb_maxpool3 7 3
0.07476771850585937
0.016743898391723633
fb_maxpool3 8 3
0.07287181396484374
0.016300678253173828
fb_maxpool3 9 3
0.0730029441833496
0.016625404357910156
fb_maxpool4 1 4
0.07488955039978026
0.016826868057250977
fb_maxpool4 10 4
0.07546199340820312
0.017168760299682617
fb_maxpool4 2 4
0.07393778343200683
0.017117738723754883
fb_maxpool4 3 4
0.07522166748046874
0.0169069766998291
fb_maxpool4 4 4
0.07474101562499999
0.018602848052978516
fb_maxpool4 5 4
0.07621396560668944
0.017534971237182617
fb_maxpool4 6 4
0.07485402603149413
0.018984317779541016
fb_maxpool4 7 4
0.07405127067565917
0.016891956329345703
fb_maxpool4 8 4
0.07427371520996093
0.01678752899169922
fb_maxpool4 9 4
0.07444656867980956
0.017473936080932617
fb_maxpool5 1 5
0.07608736534118651
0.01787543296813965
fb_maxpool5 10 5
0.07675970573425292
0.018367290496826172
fb_maxpool5 2 5
0.07621444244384765
0.01820540428161621
fb_maxpool5 3 5
0.07588351745605468
0.017991304397583008
fb_maxpool5 4 5
0.0780378677368164
0.018702268600463867
fb_maxpool5 5 5
0.07799781341552733
0.018825531005859375
fb_maxpool5 6 5
0.07765449066162108
0.01831221580505371
fb_maxpool5 7 5
0.0757352210998535
0.018012046813964844
fb_maxpool5 8 5
0.07589496154785155
0.018527507781982422
fb_maxpool5 9 5
0.07667244453430175
0.018361568450927734
fb_maxpool6 1 6
0.07859743614196776
0.020621776580810547
fb_maxpool6 10 6
0.07772768516540526
0.02025890350341797
fb_maxpool6 2 6
0.07785905380249022
0.01991868019104004
fb_maxpool6 3 6
0.07925499458312987
0.02230095863342285
fb_maxpool6 4 6
0.07858336944580077
0.020513534545898438
fb_maxpool6 5 6
0.07740248222351073
0.019977807998657227
fb_maxpool6 6 6
0.07852042694091796
0.020286083221435547
fb_maxpool6 7 6
0.0785714485168457
0.020228147506713867
fb_maxpool6 8 6
0.07785953063964843
0.020686626434326172
fb_maxpool6 9 6
0.07747186203002929
0.020180463790893555
fb_maxpool7 1 7
0.08201421279907226
0.024043560028076172
fb_maxpool7 10 7
0.08202875633239745
0.023975133895874023
fb_maxpool7 2 7
0.080267081451416
0.02374267578125
fb_maxpool7 3 7
0.07973660011291503
0.023607492446899414
fb_maxpool7 4 7
0.08117998619079589
0.024042367935180664
fb_maxpool7 5 7
0.08149636764526366
0.0235745906829834
fb_maxpool7 6 7
0.08192671318054198
0.023817062377929688
fb_maxpool7 7 7
0.08180845756530761
0.025013208389282227
fb_maxpool7 8 7
0.0809069969177246
0.023226022720336914
fb_maxpool7 9 7
0.07953823585510253
0.02363109588623047
fb_maxpool8 1 8
0.0825542308807373
0.029923677444458008
fb_maxpool8 10 8
0.08142889518737792
0.03046441078186035
fb_maxpool8 2 8
0.0825084545135498
0.030353546142578125
fb_maxpool8 3 8
0.08187306900024413
0.03141069412231445
fb_maxpool8 4 8
0.08187354583740233
0.030198335647583008
fb_maxpool8 5 8
0.08160651702880858
0.029510974884033203
fb_maxpool8 6 8
0.0817917682647705
0.030437469482421875
fb_maxpool8 7 8
0.08267558593749999
0.030927181243896484
fb_maxpool8 8 8
0.08169854660034179
0.029976844787597656
fb_maxpool8 9 8
0.08143414039611815
0.02965569496154785
fb_maxpool9 1 9
0.08396352310180663
0.045264482498168945
fb_maxpool9 10 9
0.08398450393676757
0.0457453727722168
fb_maxpool9 2 9
0.08519662399291991
0.04607200622558594
fb_maxpool9 3 9
0.0838970043182373
0.045916080474853516
fb_maxpool9 4 9
0.0843712188720703
0.0449676513671875
fb_maxpool9 5 9
0.083851704788208
0.04541826248168945
fb_maxpool9 6 9
0.08397973556518554
0.044768333435058594
fb_maxpool9 7 9
0.08331979293823241
0.04536557197570801
fb_maxpool9 8 9
0.08409942169189452
0.04477691650390625
fb_maxpool9 9 9
0.08395660896301269
0.0455169677734375
fb_relu1 1 1
0.13171586929321288
0.00816798210144043
fb_relu1 10 1
0.1315792554473877
0.008398294448852539
fb_relu1 2 1
0.13164601264953613
0.008357048034667969
fb_relu1 3 1
0.1316727155303955
0.00872182846069336
fb_relu1 4 1
0.13260803161621093
0.008935928344726562
fb_relu1 5 1
0.13267264305114745
0.007959604263305664
fb_relu1 6 1
0.13176832138061523
0.008493900299072266
fb_relu1 7 1
0.1315811627960205
0.008389472961425781
fb_relu1 8 1
0.1316889279937744
0.008648872375488281
fb_relu1 9 1
0.13160858093261718
0.008400440216064453
fb_relu10 1 10
0.1383872979736328
0.008712530136108398
fb_relu10 10 10
0.14027342735290527
0.009992122650146484
fb_relu10 2 10
0.1385217660522461
0.009199380874633789
fb_relu10 3 10
0.1384457105255127
0.00919485092163086
fb_relu10 4 10
0.1384302133178711
0.009176492691040039
fb_relu10 5 10
0.13851342140197753
0.009141206741333008
fb_relu10 6 10
0.13848576484680175
0.008831262588500977
fb_relu10 7 10
0.1383558267211914
0.009299516677856445
fb_relu10 8 10
0.13834509788513183
0.009351491928100586
fb_relu10 9 10
0.14012274681091308
0.009278059005737305
fb_relu2 1 2
0.13240728317260742
0.008302688598632812
fb_relu2 10 2
0.13245568214416503
0.00867605209350586
fb_relu2 2 2
0.1326194757080078
0.007991552352905273
fb_relu2 3 2
0.132314776763916
0.007955312728881836
fb_relu2 4 2
0.13240990577697753
0.008516311645507812
fb_relu2 5 2
0.1324189656829834
0.008272647857666016
fb_relu2 6 2
0.13233981071472167
0.007961034774780273
fb_relu2 7 2
0.1323421949005127
0.008536815643310547
fb_relu2 8 2
0.13228568969726562
0.008327484130859375
fb_relu2 9 2
0.13243017135620117
0.008148193359375
fb_relu3 1 3
0.13328251777648925
0.008796453475952148
fb_relu3 10 3
0.13318571983337402
0.00911712646484375
fb_relu3 2 3
0.13317522941589355
0.008440494537353516
fb_relu3 3 3
0.13339314399719238
0.008475542068481445
fb_relu3 4 3
0.1331964486694336
0.008687496185302734
fb_relu3 5 3
0.13316163955688476
0.008949041366577148
fb_relu3 6 3
0.1330615037536621
0.008463382720947266
fb_relu3 7 3
0.13315710960388183
0.008453369140625
fb_relu3 8 3
0.1332431787109375
0.00867772102355957
fb_relu3 9 3
0.13313326774597167
0.008697509765625
fb_relu4 1 4
0.13399658142089843
0.008404731750488281
fb_relu4 10 4
0.13398370681762695
0.00812840461730957
fb_relu4 2 4
0.13387379585266113
0.008826971054077148
fb_relu4 3 4
0.13406596122741699
0.008680105209350586
fb_relu4 4 4
0.1339453214263916
0.008584022521972656
fb_relu4 5 4
0.13380513130187988
0.00833582878112793
fb_relu4 6 4
0.13400468765258788
0.00858759880065918
fb_relu4 7 4
0.13399443565368652
0.009080886840820312
fb_relu4 8 4
0.13381705223083495
0.008359432220458984
fb_relu4 9 4
0.13383064208984374
0.008388519287109375
fb_relu5 1 5
0.13481197296142577
0.008689165115356445
fb_relu5 10 5
0.1348021977996826
0.00858926773071289
fb_relu5 2 5
0.13476023612976074
0.008618831634521484
fb_relu5 3 5
0.13473234115600585
0.008661270141601562
fb_relu5 4 5
0.13462767539978027
0.008464574813842773
fb_relu5 5 5
0.13455161987304687
0.008335351943969727
fb_relu5 6 5
0.13474926887512206
0.008652687072753906
fb_relu5 7 5
0.1349223607635498
0.008715391159057617
fb_relu5 8 5
0.1348169797515869
0.008803844451904297
fb_relu5 9 5
0.1348467820739746
0.008716583251953125
fb_relu6 1 6
0.13557538925170898
0.008787155151367188
fb_relu6 10 6
0.13593945442199706
0.009380817413330078
fb_relu6 2 6
0.13556728302001952
0.008385658264160156
fb_relu6 3 6
0.13544950424194335
0.008766889572143555
fb_relu6 4 6
0.13541350303649902
0.009001016616821289
fb_relu6 5 6
0.13548312126159667
0.009007930755615234
fb_relu6 6 6
0.1353205197906494
0.008655786514282227
fb_relu6 7 6
0.13554439483642577
0.009024620056152344
fb_relu6 8 6
0.13544545112609863
0.008597135543823242
fb_relu6 9 6
0.13532648025512695
0.008870363235473633
fb_relu7 1 7
0.13746318756103515
0.009217500686645508
fb_relu7 10 7
0.1363411897277832
0.008691549301147461
fb_relu7 2 7
0.13615283905029296
0.009289979934692383
fb_relu7 3 7
0.13759193359375
0.00924825668334961
fb_relu7 4 7
0.1361742967224121
0.009199380874633789
fb_relu7 5 7
0.1376861089324951
0.009485721588134766
fb_relu7 6 7
0.13599762855529784
0.008562803268432617
fb_relu7 7 7
0.1363728993988037
0.009108304977416992
fb_relu7 8 7
0.13619885383605956
0.008536577224731445
fb_relu7 9 7
0.13613448081970214
0.008723735809326172
fb_relu8 1 8
0.13853082595825195
0.009201526641845703
fb_relu8 10 8
0.13692626892089843
0.008393049240112305
fb_relu8 2 8
0.1371806615447998
0.008908987045288086
fb_relu8 3 8
0.13836870132446288
0.009552955627441406
fb_relu8 4 8
0.13878903327941894
0.009163379669189453
fb_relu8 5 8
0.1384461873626709
0.00923919677734375
fb_relu8 6 8
0.13691482482910156
0.00872349739074707
fb_relu8 7 8
0.13715848861694335
0.008946418762207031
fb_relu8 8 8
0.13840422569274902
0.009384393692016602
fb_relu8 9 8
0.13697013793945312
0.009350776672363281
fb_relu9 1 9
0.13929614959716796
0.009587287902832031
fb_relu9 10 9
0.13774046836853027
0.008998394012451172
fb_relu9 2 9
0.13776645599365234
0.009679555892944336
fb_relu9 3 9
0.13922343193054199
0.008847951889038086
fb_relu9 4 9
0.1393159383392334
0.009170293807983398
fb_relu9 5 9
0.13999900756835937
0.009334325790405273
fb_relu9 6 9
0.13923296867370605
0.00912928581237793
fb_relu9 7 9
0.13760600028991699
0.009284257888793945
fb_relu9 8 9
0.1380523198699951
0.009123086929321289
fb_relu9 9 9
0.13769302307128906
0.008752107620239258
ibp_affine1 1 1
0.09746635063171387
0.003431081771850586
ibp_affine1 10 1
0.0968459854888916
0.0032219886779785156
ibp_affine1 2 1
0.09658825500488281
0.003208637237548828
ibp_affine1 3 1
0.09652078254699707
0.0032296180725097656
ibp_affine1 4 1
0.09651577575683594
0.003231048583984375
ibp_affine1 5 1
0.09681952102661133
0.0032501220703125
ibp_affine1 6 1
0.09757125480651856
0.0034525394439697266
ibp_affine1 7 1
0.09693968399047852
0.003319263458251953
ibp_affine1 8 1
0.09651982887268067
0.003246784210205078
ibp_affine1 9 1
0.09650671585083008
0.003208637237548828
ibp_affine10 1 10
0.1896456490325928
0.004138469696044922
ibp_affine10 10 10
0.1928807507324219
0.0042574405670166016
ibp_affine10 2 10
0.19730365379333498
0.004479408264160156
ibp_affine10 3 10
0.19467413528442384
0.004347085952758789
ibp_affine10 4 10
0.18971335990905763
0.004145622253417969
ibp_affine10 5 10
0.1879521618652344
0.004157543182373047
ibp_affine10 6 10
0.18863809211730959
0.004145383834838867
ibp_affine10 7 10
0.18846309288024904
0.004145622253417969
ibp_affine10 8 10
0.19974339111328127
0.004471302032470703
ibp_affine10 9 10
0.20120394332885744
0.004511833190917969
ibp_affine2 1 2
0.0976847420501709
0.0033767223358154297
ibp_affine2 10 2
0.0983256111907959
0.0035114288330078125
ibp_affine2 2 2
0.09833133323669434
0.0035376548767089844
ibp_affine2 3 2
0.09732353790283203
0.003346681594848633
ibp_affine2 4 2
0.09733665092468262
0.0033257007598876953
ibp_affine2 5 2
0.09764158828735352
0.003376483917236328
ibp_affine2 6 2
0.09735453231811524
0.0033321380615234375
ibp_affine2 7 2
0.09730088813781738
0.003311634063720703
ibp_affine2 8 2
0.09754908187866211
0.003384828567504883
ibp_affine2 9 2
0.0976551781463623
0.003348112106323242
ibp_affine3 1 3
0.09828817947387695
0.003477334976196289
ibp_affine3 10 3
0.09821307762145996
0.0034677982330322266
ibp_affine3 2 3
0.09944689376831055
0.0037221908569335938
ibp_affine3 3 3
0.09947812660217285
0.003661632537841797
ibp_affine3 4 3
0.09946715934753418
0.003700733184814453
ibp_affine3 5 3
0.09832227333068848
0.0034482479095458984
ibp_affine3 6 3
0.09824764831542969
0.0035152435302734375
ibp_affine3 7 3
0.09857165916442871
0.0035037994384765625
ibp_affine3 8 3
0.09834659202575684
0.0034592151641845703
ibp_affine3 9 3
0.09858310325622559
0.003508329391479492
ibp_affine4 1 4
0.10007584197998047
0.003576517105102539
ibp_affine4 10 4
0.09997689826965332
0.003610372543334961
ibp_affine4 2 4
0.09940397842407227
0.003561735153198242
ibp_affine4 3 4
0.10093653305053711
0.0037903785705566406
ibp_affine4 4 4
0.09955751998901367
0.003564119338989258
ibp_affine4 5 4
0.0996524105834961
0.0035858154296875
ibp_affine4 6 4
0.09962666137695313
0.0035583972930908203
ibp_affine4 7 4
0.09946787460327149
0.003603219985961914
ibp_affine4 8 4
0.099469066696167
0.0035810470581054688
ibp_affine4 9 4
0.09959018333435059
0.0035371780395507812
ibp_affine5 1 5
0.10173904998779297
0.0036683082580566406
ibp_affine5 10 5
0.10215675933837891
0.0037653446197509766
ibp_affine5 2 5
0.10177934272766113
0.0036039352416992188
ibp_affine5 3 5
0.1032849560546875
0.003888368606567383
ibp_affine5 4 5
0.10140168769836426
0.0036666393280029297
ibp_affine5 5 5
0.10162723167419434
0.003651142120361328
ibp_affine5 6 5
0.10151159866333008
0.0036089420318603516
ibp_affine5 7 5
0.10183775527954102
0.0036585330963134766
ibp_affine5 8 5
0.10155260665893555
0.0036487579345703125
ibp_affine5 9 5
0.1021403084564209
0.0037381649017333984
ibp_affine6 1 6
0.10487020118713379
0.0037102699279785156
ibp_affine6 10 6
0.10509407623291016
0.003732919692993164
ibp_affine6 2 6
0.10558426483154297
0.0038018226623535156
ibp_affine6 3 6
0.10558188064575195
0.0038919448852539062
ibp_affine6 4 6
0.10486233337402344
0.0037069320678710938
ibp_affine6 5 6
0.1049169312286377
0.003757953643798828
ibp_affine6 6 6
0.10489976509094238
0.003686666488647461
ibp_affine6 7 6
0.10501468284606934
0.0037775039672851562
ibp_affine6 8 6
0.10523378952026367
0.0036950111389160156
ibp_affine6 9 6
0.10531985862731934
0.0037004947662353516
ibp_affine7 1 7
0.11223709686279297
0.003858327865600586
ibp_affine7 10 7
0.11223018272399903
0.0039293766021728516
ibp_affine7 2 7
0.11358988388061524
0.004111766815185547
ibp_affine7 3 7
0.11119711502075195
0.003787517547607422
ibp_affine7 4 7
0.111143232421875
0.0037860870361328125
ibp_affine7 5 7
0.11187875373840332
0.0038480758666992188
ibp_affine7 6 7
0.11358249290466309
0.00407099723815918
ibp_affine7 7 7
0.1110051880645752
0.0038404464721679688
ibp_affine7 8 7
0.11222279174804688
0.003887176513671875
ibp_affine7 9 7
0.11371076210021973
0.004103660583496094
ibp_affine8 1 8
0.1222664128112793
0.003927946090698242
ibp_affine8 10 8
0.1227546940612793
0.0039560794830322266
ibp_affine8 2 8
0.12269270523071289
0.00393986701965332
ibp_affine8 3 8
0.12210190399169922
0.003948688507080078
ibp_affine8 4 8
0.12225878341674805
0.003873109817504883
ibp_affine8 5 8
0.12192356689453125
0.003976583480834961
ibp_affine8 6 8
0.12417185409545899
0.004011869430541992
ibp_affine8 7 8
0.12324655158996582
0.00396728515625
ibp_affine8 8 8
0.1262625466156006
0.004275321960449219
ibp_affine8 9 8
0.12280500038146973
0.003918647766113281
ibp_affine9 1 9
0.14356076820373537
0.004078865051269531
ibp_affine9 10 9
0.15110743148803712
0.0043964385986328125
ibp_affine9 2 9
0.14576733215332033
0.004136562347412109
ibp_affine9 3 9
0.14612400634765627
0.004118919372558594
ibp_affine9 4 9
0.1495932350921631
0.004347324371337891
ibp_affine9 5 9
0.14607107742309572
0.004057168960571289
ibp_affine9 6 9
0.1456877003479004
0.00409245491027832
ibp_affine9 7 9
0.14714229209899904
0.004158973693847656
ibp_affine9 8 9
0.14462745292663576
0.0040454864501953125
ibp_affine9 9 9
0.14780128105163576
0.004160404205322266
ibp_maxpool1 1 1
0.07936299171447754
0.0077724456787109375
ibp_maxpool1 10 1
0.07942235794067383
0.0076634883880615234
ibp_maxpool1 2 1
0.07902849044799805
0.008391857147216797
ibp_maxpool1 3 1
0.07909119453430176
0.008033275604248047
ibp_maxpool1 4 1
0.07989251937866211
0.008375883102416992
ibp_maxpool1 5 1
0.07994115676879883
0.007756471633911133
ibp_maxpool1 6 1
0.07935059394836426
0.008012771606445312
ibp_maxpool1 7 1
0.0799974235534668
0.007605075836181641
ibp_maxpool1 8 1
0.07907331314086914
0.007982254028320312
ibp_maxpool1 9 1
0.0799211296081543
0.008166313171386719
ibp_maxpool10 1 10
0.0929836067199707
0.01081085205078125
ibp_maxpool10 10 10
0.09241354789733887
0.01103830337524414
ibp_maxpool10 2 10
0.0919293197631836
0.011229276657104492
ibp_maxpool10 3 10
0.09220350112915039
0.011030435562133789
ibp_maxpool10 4 10
0.09425247039794922
0.011363983154296875
ibp_maxpool10 5 10
0.09234631385803223
0.011092185974121094
ibp_maxpool10 6 10
0.09277499046325684
0.011009693145751953
ibp_maxpool10 7 10
0.09214127388000488
0.011107444763183594
ibp_maxpool10 8 10
0.09315789070129395
0.010857105255126953
ibp_maxpool10 9 10
0.09231698837280274
0.010988235473632812
ibp_maxpool2 1 2
0.07972753372192383
0.00833272933959961
ibp_maxpool2 10 2
0.07968557205200195
0.008054971694946289
ibp_maxpool2 2 2
0.07970965232849121
0.008212089538574219
ibp_maxpool2 3 2
0.08006942596435547
0.00815582275390625
ibp_maxpool2 4 2
0.07998526420593262
0.00902557373046875
ibp_maxpool2 5 2
0.07978689994812012
0.008209466934204102
ibp_maxpool2 6 2
0.08000696029663086
0.008289337158203125
ibp_maxpool2 7 2
0.07975709762573242
0.008224010467529297
ibp_maxpool2 8 2
0.07969415512084961
0.007840633392333984
ibp_maxpool2 9 2
0.08056700553894043
0.00852060317993164
ibp_maxpool3 1 3
0.08152067985534668
0.00908207893371582
ibp_maxpool3 10 3
0.0805476936340332
0.008881092071533203
ibp_maxpool3 2 3
0.0817831787109375
0.008674144744873047
ibp_maxpool3 3 3
0.08085048522949219
0.008325815200805664
ibp_maxpool3 4 3
0.0816003116607666
0.008597612380981445
ibp_maxpool3 5 3
0.0815395149230957
0.008597135543823242
ibp_maxpool3 6 3
0.08054960098266602
0.008513927459716797
ibp_maxpool3 7 3
0.08146918144226074
0.008864402770996094
ibp_maxpool3 8 3
0.08094990577697754
0.00824427604675293
ibp_maxpool3 9 3
0.08052194442749024
0.008159160614013672
ibp_maxpool4 1 4
0.08155811157226563
0.008588790893554688
ibp_maxpool4 10 4
0.08153546180725098
0.008543968200683594
ibp_maxpool4 2 4
0.0816451343536377
0.00854182243347168
ibp_maxpool4 3 4
0.08154952850341797
0.008285045623779297
ibp_maxpool4 4 4
0.08185088958740235
0.008819103240966797
ibp_maxpool4 5 4
0.08154070701599121
0.008337974548339844
ibp_maxpool4 6 4
0.0817071231842041
0.008698463439941406
ibp_maxpool4 7 4
0.08263099517822266
0.00872182846069336
ibp_maxpool4 8 4
0.08258521881103516
0.008465766906738281
ibp_maxpool4 9 4
0.08195507850646973
0.009081363677978516
ibp_maxpool5 1 5
0.08323681678771973
0.008916139602661133
ibp_maxpool5 10 5
0.08278501358032227
0.008980274200439453
ibp_maxpool5 2 5
0.08274877395629883
0.008745431900024414
ibp_maxpool5 3 5
0.0831559928894043
0.008846759796142578
ibp_maxpool5 4 5
0.08324539985656738
0.009114265441894531
ibp_maxpool5 5 5
0.08291066017150879
0.009296178817749023
ibp_maxpool5 6 5
0.08287060585021973
0.008806467056274414
ibp_maxpool5 7 5
0.0828057559967041
0.00890493392944336
ibp_maxpool5 8 5
0.0828510555267334
0.008426189422607422
ibp_maxpool5 9 5
0.08397353019714356
0.009086132049560547
ibp_maxpool6 1 6
0.08421385612487793
0.009529829025268555
ibp_maxpool6 10 6
0.08545363273620606
0.009414434432983398
ibp_maxpool6 2 6
0.08553326454162598
0.009026765823364258
ibp_maxpool6 3 6
0.08444869842529297
0.00919795036315918
ibp_maxpool6 4 6
0.08420574989318848
0.009183883666992188
ibp_maxpool6 5 6
0.08555972900390625
0.009801864624023438
ibp_maxpool6 6 6
0.0856593879699707
0.009742498397827148
ibp_maxpool6 7 6
0.08574092712402344
0.009354829788208008
ibp_maxpool6 8 6
0.08499372329711914
0.009589433670043945
ibp_maxpool6 9 6
0.08404863204956055
0.009302616119384766
ibp_maxpool7 1 7
0.08744919624328613
0.009896993637084961
ibp_maxpool7 10 7
0.08592999305725098
0.009746789932250977
ibp_maxpool7 2 7
0.0861164363861084
0.009724140167236328
ibp_maxpool7 3 7
0.08617055740356445
0.009453773498535156
ibp_maxpool7 4 7
0.08586275901794434
0.00970005989074707
ibp_maxpool7 5 7
0.08731234397888184
0.01042485237121582
ibp_maxpool7 6 7
0.08582103576660156
0.009716033935546875
ibp_maxpool7 7 7
0.08731425132751465
0.010025501251220703
ibp_maxpool7 8 7
0.08751905288696289
0.010234355926513672
ibp_maxpool7 9 7
0.08570826377868652
0.009649038314819336
ibp_maxpool8 1 8
0.08861315574645996
0.010178089141845703
ibp_maxpool8 10 8
0.08769476737976074
0.01019740104675293
ibp_maxpool8 2 8
0.08753979530334473
0.009816408157348633
ibp_maxpool8 3 8
0.08838594284057617
0.010364294052124023
ibp_maxpool8 4 8
0.08824766006469727
0.009810686111450195
ibp_maxpool8 5 8
0.08917177047729492
0.009836912155151367
ibp_maxpool8 6 8
0.0896707805633545
0.01042485237121582
ibp_maxpool8 7 8
0.08754170265197754
0.010382413864135742
ibp_maxpool8 8 8
0.08789050903320313
0.010105371475219727
ibp_maxpool8 9 8
0.08967411842346192
0.010262250900268555
ibp_maxpool9 1 9
0.09008753623962402
0.010634422302246094
ibp_maxpool9 10 9
0.09004104461669922
0.010664701461791992
ibp_maxpool9 2 9
0.0902205738067627
0.010956287384033203
ibp_maxpool9 3 9
0.08993590202331543
0.010683298110961914
ibp_maxpool9 4 9
0.09024536933898926
0.011089086532592773
ibp_maxpool9 5 9
0.09099042739868164
0.01029205322265625
ibp_maxpool9 6 9
0.09192169036865235
0.010815620422363281
ibp_maxpool9 7 9
0.08978569831848145
0.010932207107543945
ibp_maxpool9 8 9
0.08998000946044922
0.010950803756713867
ibp_maxpool9 9 9
0.0908156665802002
0.01081395149230957
ibp_relu1 1 1
0.12599717681884764
0.01849818229675293
ibp_relu1 10 1
0.1274856240081787
0.018059730529785156
ibp_relu1 2 1
0.12673174446105956
0.01811504364013672
ibp_relu1 3 1
0.1262346417236328
0.019097328186035156
ibp_relu1 4 1
0.12657915657043456
0.01823282241821289
ibp_relu1 5 1
0.12634431427001952
0.018392562866210938
ibp_relu1 6 1
0.1262179524230957
0.018380165100097656
ibp_relu1 7 1
0.12660943572998046
0.018221616744995117
ibp_relu1 8 1
0.12665735786437987
0.018566608428955078
ibp_relu1 9 1
0.126373639755249
0.018176794052124023
ibp_relu10 1 10
0.1280335099029541
0.018494606018066406
ibp_relu10 10 10
0.12628280227661132
0.018661022186279297
ibp_relu10 2 10
0.1266921669769287
0.018392562866210938
ibp_relu10 3 10
0.1260653645324707
0.018004179000854492
ibp_relu10 4 10
0.12792550628662108
0.019047975540161133
ibp_relu10 5 10
0.12628828590393065
0.01827239990234375
ibp_relu10 6 10
0.12613665168762206
0.018370866775512695
ibp_relu10 7 10
0.12610136573791503
0.01995706558227539
ibp_relu10 8 10
0.1261733681488037
0.018454313278198242
ibp_relu10 9 10
0.12622152870178222
0.01847362518310547
ibp_relu2 1 2
0.12627636497497557
0.017728567123413086
ibp_relu2 10 2
0.12632309501647948
0.019225597381591797
ibp_relu2 2 2
0.12613879745483397
0.018505096435546875
ibp_relu2 3 2
0.12617789810180663
0.01800537109375
ibp_relu2 4 2
0.12784658973693847
0.018898487091064453
ibp_relu2 5 2
0.12742220466613768
0.01806783676147461
ibp_relu2 6 2
0.12617932861328124
0.018120288848876953
ibp_relu2 7 2
0.12706719940185546
0.017879724502563477
ibp_relu2 8 2
0.12680613105773925
0.018027544021606445
ibp_relu2 9 2
0.12621008460998534
0.018127918243408203
ibp_relu3 1 3
0.1264918953704834
0.019646883010864258
ibp_relu3 10 3
0.1259740502166748
0.017478466033935547
ibp_relu3 2 3
0.1262799412536621
0.017615318298339844
ibp_relu3 3 3
0.12627398078918456
0.018375396728515625
ibp_relu3 4 3
0.12767921989440917
0.018634557723999023
ibp_relu3 5 3
0.12819730346679686
0.018401384353637695
ibp_relu3 6 3
0.12633048599243163
0.01784968376159668
ibp_relu3 7 3
0.1262205750274658
0.017559289932250977
ibp_relu3 8 3
0.12656485145568847
0.017719030380249023
ibp_relu3 9 3
0.12631451194763182
0.018871784210205078
ibp_relu4 1 4
0.12619220321655272
0.018169879913330078
ibp_relu4 10 4
0.12624513214111327
0.019132137298583984
ibp_relu4 2 4
0.12629019325256347
0.017283916473388672
ibp_relu4 3 4
0.1272271782684326
0.01855921745300293
ibp_relu4 4 4
0.12767111366271972
0.020331382751464844
ibp_relu4 5 4
0.12636195724487304
0.018019676208496094
ibp_relu4 6 4
0.1263416916656494
0.017812490463256836
ibp_relu4 7 4
0.12674700325012206
0.018042802810668945
ibp_relu4 8 4
0.1264034420776367
0.017467021942138672
ibp_relu4 9 4
0.12608634536743163
0.017901182174682617
ibp_relu5 1 5
0.12625538414001464
0.018125295639038086
ibp_relu5 10 5
0.12616049354553222
0.017748355865478516
ibp_relu5 2 5
0.12623678749084472
0.018410921096801758
ibp_relu5 3 5
0.12631737297058104
0.018242359161376953
ibp_relu5 4 5
0.12717782562255858
0.01829695701599121
ibp_relu5 5 5
0.1262644440460205
0.018175601959228516
ibp_relu5 6 5
0.12696229522705077
0.01778435707092285
ibp_relu5 7 5
0.12803923194885253
0.0181577205657959
ibp_relu5 8 5
0.12851869171142577
0.018676280975341797
ibp_relu5 9 5
0.12795650070190429
0.018824338912963867
ibp_relu6 1 6
0.12626205986022948
0.01982259750366211
ibp_relu6 10 6
0.12622701232910155
0.018210649490356445
ibp_relu6 2 6
0.1279419571685791
0.021271467208862305
ibp_relu6 3 6
0.1273158699798584
0.0184481143951416
ibp_relu6 4 6
0.12627660339355468
0.017710447311401367
ibp_relu6 5 6
0.12629329269409179
0.017742156982421875
ibp_relu6 6 6
0.12684833114624022
0.017846107482910156
ibp_relu6 7 6
0.12738691871643065
0.018006324768066406
ibp_relu6 8 6
0.12619649475097655
0.018533706665039062
ibp_relu6 9 6
0.1277128369140625
0.01856684684753418
ibp_relu7 1 7
0.1264642388153076
0.017770767211914062
ibp_relu7 10 7
0.1272863060760498
0.020421266555786133
ibp_relu7 2 7
0.12647568290710448
0.01941537857055664
ibp_relu7 3 7
0.12634359901428222
0.017751216888427734
ibp_relu7 4 7
0.12639390533447264
0.01816582679748535
ibp_relu7 5 7
0.1280671269226074
0.01855325698852539
ibp_relu7 6 7
0.12622582023620604
0.01818370819091797
ibp_relu7 7 7
0.12627135818481444
0.01829242706298828
ibp_relu7 8 7
0.12631689613342284
0.018228530883789062
ibp_relu7 9 7
0.126157632522583
0.01762843132019043
ibp_relu8 1 8
0.12621676033020018
0.01797008514404297
ibp_relu8 10 8
0.12641464775085448
0.018686294555664062
ibp_relu8 2 8
0.12652885025024413
0.018327713012695312
ibp_relu8 3 8
0.12619768684387206
0.0177156925201416
ibp_relu8 4 8
0.12665950363159179
0.018675804138183594
ibp_relu8 5 8
0.12631331985473632
0.01823592185974121
ibp_relu8 6 8
0.12619554107666014
0.0175626277923584
ibp_relu8 7 8
0.12624227111816405
0.018373727798461914
ibp_relu8 8 8
0.12654649322509764
0.018076658248901367
ibp_relu8 9 8
0.12710796897888182
0.018018245697021484
ibp_relu9 1 9
0.1261297375488281
0.01754474639892578
ibp_relu9 10 9
0.12622200553894042
0.018476009368896484
ibp_relu9 2 9
0.12629186218261718
0.018240690231323242
ibp_relu9 3 9
0.1264325291442871
0.01860785484313965
ibp_relu9 4 9
0.12627612655639647
0.018137693405151367
ibp_relu9 5 9
0.12629305427551268
0.018012523651123047
ibp_relu9 6 9
0.1271666199493408
0.018053531646728516
ibp_relu9 7 9
0.1261721760559082
0.01781463623046875
ibp_relu9 8 9
0.12801395957946776
0.018315553665161133
ibp_relu9 9 9
0.12651263778686522
0.018520593643188477
polyzono_affine1 1 1
0.3061881837463379
0.004413127899169922
polyzono_affine1 10 1
0.13021
0
polyzono_affine1 2 1
0.30837162109375
0.004615068435668945
polyzono_affine1 3 1
0.31449659439086913
0.004943132400512695
polyzono_affine1 4 1
0.31625660034179687
0.005398750305175781
polyzono_affine1 5 1
0.32044680686950683
0.00554966926574707
polyzono_affine1 6 1
0.33325441452026366
0.006999015808105469
polyzono_affine1 7 1
0.34406860443115234
0.006285905838012695
polyzono_affine1 8 1
0.13021
0
polyzono_affine1 9 1
0.13021
0
polyzono_affine10 1 10
0.31509597869873046
0.0046041011810302734
polyzono_affine10 10 10
0.13021
0
polyzono_affine10 2 10
0.3192072686767578
0.005030393600463867
polyzono_affine10 3 10
0.3221662816619873
0.005254030227661133
polyzono_affine10 4 10
0.32579310508728027
0.005503416061401367
polyzono_affine10 5 10
0.3342960652923584
0.0059587955474853516
polyzono_affine10 6 10
0.3398345288848877
0.006041049957275391
polyzono_affine10 7 10
0.3500321683502197
0.006674289703369141
polyzono_affine10 8 10
0.13021
0
polyzono_affine10 9 10
0.13021
0
polyzono_affine2 1 2
0.3075621900177002
0.0043201446533203125
polyzono_affine2 10 2
0.13021
0
polyzono_affine2 2 2
0.3117721852874756
0.004691362380981445
polyzono_affine2 3 2
0.3130141076660156
0.005162477493286133
polyzono_affine2 4 2
0.3198350247955322
0.005457401275634766
polyzono_affine2 5 2
0.32242186637878417
0.0054912567138671875
polyzono_affine2 6 2
0.32902677627563476
0.005856513977050781
polyzono_affine2 7 2
0.3424125489807129
0.006301164627075195
polyzono_affine2 8 2
0.13021
0
polyzono_affine2 9 2
0.13021
0
polyzono_affine3 1 3
0.30842884155273437
0.0043354034423828125
polyzono_affine3 10 3
0.13021
0
polyzono_affine3 2 3
0.3134578046417236
0.0048465728759765625
polyzono_affine3 3 3
0.3138852891540527
0.0053098201751708984
polyzono_affine3 4 3
0.32046850296020507
0.005233049392700195
polyzono_affine3 5 3
0.3242152509307861
0.0055735111236572266
polyzono_affine3 6 3
0.33266933532714843
0.006014823913574219
polyzono_affine3 7 3
0.34474499794006347
0.006341457366943359
polyzono_affine3 8 3
0.13021
0
polyzono_affine3 9 3
0.13021
0
polyzono_affine4 1 4
0.30752809616088866
0.004632711410522461
polyzono_affine4 10 4
0.13021
0
polyzono_affine4 2 4
0.31612856956481933
0.005074977874755859
polyzono_affine4 3 4
0.3169959363555908
0.004979610443115234
polyzono_affine4 4 4
0.32977612586975097
0.005486011505126953
polyzono_affine4 5 4
0.325858193359375
0.005582571029663086
polyzono_affine4 6 4
0.3332334336853027
0.006050825119018555
polyzono_affine4 7 4
0.347220498046875
0.006558895111083984
polyzono_affine4 8 4
0.13021
0
polyzono_affine4 9 4
0.13021
0
polyzono_affine5 1 5
0.31185658546447753
0.004422664642333984
polyzono_affine5 10 5
0.13021
0
polyzono_affine5 2 5
0.3121715364074707
0.00477290153503418
polyzono_affine5 3 5
0.3169625577545166
0.004965782165527344
polyzono_affine5 4 5
0.3258884725189209
0.005263805389404297
polyzono_affine5 5 5
0.3275960263824463
0.005724906921386719
polyzono_affine5 6 5
0.3367098149871826
0.006403923034667969
polyzono_affine5 7 5
0.3449757871246338
0.007099628448486328
polyzono_affine5 8 5
0.13021
0
polyzono_affine5 9 5
0.13021
0
polyzono_affine6 1 6
0.3096071061706543
0.004826545715332031
polyzono_affine6 10 6
0.13021
0
polyzono_affine6 2 6
0.3154063996887207
0.0050008296966552734
polyzono_affine6 3 6
0.31718452545166015
0.005148172378540039
polyzono_affine6 4 6
0.3254359540557861
0.005433082580566406
polyzono_affine6 5 6
0.32939465614318847
0.005927324295043945
polyzono_affine6 6 6
0.335947829208374
0.00606226921081543
polyzono_affine6 7 6
0.3489440259552002
0.0064258575439453125
polyzono_affine6 8 6
0.13021
0
polyzono_affine6 9 6
0.13021
0
polyzono_affine7 1 7
0.31008060546875
0.0045011043548583984
polyzono_affine7 10 7
0.13021
0
polyzono_affine7 2 7
0.3156328973388672
0.004853010177612305
polyzono_affine7 3 7
0.32006939025878905
0.005291938781738281
polyzono_affine7 4 7
0.3224423703765869
0.005510091781616211
polyzono_affine7 5 7
0.33108265968322753
0.0060160160064697266
polyzono_affine7 6 7
0.34091027351379394
0.0061244964599609375
polyzono_affine7 7 7
0.34998949142456054
0.0066716670989990234
polyzono_affine7 8 7
0.13021
0
polyzono_affine7 9 7
0.13021
0
polyzono_affine8 1 8
0.3107720193481445
0.004565715789794922
polyzono_affine8 10 8
0.13021
0
polyzono_affine8 2 8
0.3184278783416748
0.004812955856323242
polyzono_affine8 3 8
0.3212035474395752
0.0051822662353515625
polyzono_affine8 4 8
0.32544191452026366
0.005483865737915039
polyzono_affine8 5 8
0.3298381147003174
0.005786895751953125
polyzono_affine8 6 8
0.3382070836639404
0.006150245666503906
polyzono_affine8 7 8
0.35442979904174804
0.006680488586425781
polyzono_affine8 8 8
0.13021
0
polyzono_affine8 9 8
0.13021
0
polyzono_affine9 1 9
0.31277497383117675
0.004675388336181641
polyzono_affine9 10 9
0.13021
0
polyzono_affine9 2 9
0.31938465209960937
0.004997968673706055
polyzono_affine9 3 9
0.32147367568969726
0.005345821380615234
polyzono_affine9 4 9
0.32960708709716796
0.0058994293212890625
polyzono_affine9 5 9
0.3326638516998291
0.005932331085205078
polyzono_affine9 6 9
0.3405659970855713
0.006341695785522461
polyzono_affine9 7 9
0.35315187545776366
0.007148027420043945
polyzono_affine9 8 9
0.13021
0
polyzono_affine9 9 9
0.13021
0
polyzono_maxpool1 1 1
0.19132482376098633
0.016605615615844727
polyzono_maxpool1 10 1
0.1931039031982422
0.016361236572265625
polyzono_maxpool1 2 1
0.18892919387817383
0.01523280143737793
polyzono_maxpool1 3 1
0.18946658935546876
0.015321493148803711
polyzono_maxpool1 4 1
0.19290029373168946
0.01706242561340332
polyzono_maxpool1 5 1
0.19064342346191407
0.016007184982299805
polyzono_maxpool1 6 1
0.19138752784729005
0.01580071449279785
polyzono_maxpool1 7 1
0.19499480094909669
0.017733335494995117
polyzono_maxpool1 8 1
0.1921752628326416
0.016648292541503906
polyzono_maxpool1 9 1
0.19271361198425294
0.016855955123901367
polyzono_maxpool10 1 10
0.1509
0
polyzono_maxpool2 1 2
0.1975299057006836
0.023645639419555664
polyzono_maxpool2 10 2
0.1999117073059082
0.024929523468017578
polyzono_maxpool2 2 2
0.19498574104309083
0.02219867706298828
polyzono_maxpool2 3 2
0.1954842742919922
0.02255702018737793
polyzono_maxpool2 4 2
0.19593750801086426
0.022710084915161133
polyzono_maxpool2 5 2
0.196826570892334
0.02330493927001953
polyzono_maxpool2 6 2
0.19710981216430665
0.023281097412109375
polyzono_maxpool2 7 2
0.19800865020751954
0.02383732795715332
polyzono_maxpool2 8 2
0.19856249656677247
0.024177074432373047
polyzono_maxpool2 9 2
0.19924485054016114
0.024173736572265625
polyzono_maxpool3 1 3
0.2118569549560547
0.164870023727417
polyzono_maxpool3 10 3
0.21346222724914551
0.12484383583068848
polyzono_maxpool3 2 3
0.2080298599243164
0.14060306549072266
polyzono_maxpool3 3 3
0.20872508850097657
0.14028549194335938
polyzono_maxpool3 4 3
0.20855271186828614
0.12588763236999512
polyzono_maxpool3 5 3
0.20978867378234864
0.13951730728149414
polyzono_maxpool3 6 3
0.21051084365844727
0.13700461387634277
polyzono_maxpool3 7 3
0.2110649284362793
0.11589217185974121
polyzono_maxpool3 8 3
0.21138226356506348
0.1103658676147461
polyzono_maxpool3 9 3
0.21276079978942872
0.12154793739318848
polyzono_maxpool4 1 4
0.2432588275909424
18.81909418106079
polyzono_maxpool4 10 4
0.24496661987304688
9.626808643341064
polyzono_maxpool4 2 4
0.2407888111114502
3.4965951442718506
polyzono_maxpool4 3 4
0.23650943603515626
9.116811990737915
polyzono_maxpool4 4 4
0.2390481170654297
6.706317901611328
polyzono_maxpool4 5 4
0.24450647201538087
2.8604736328125
polyzono_maxpool4 6 4
0.24120723571777344
18.34812879562378
polyzono_maxpool4 7 4
0.24140607681274415
7.096959590911865
polyzono_maxpool4 8 4
0.2455357250213623
2.786069631576538
polyzono_maxpool4 9 4
0.24274408187866212
2.575838804244995
polyzono_maxpool5 1 5
0.1509
0
polyzono_maxpool6 1 6
0.1509
0
polyzono_maxpool7 1 7
0.1509
0
polyzono_maxpool8 1 8
0.1509
0
polyzono_maxpool9 1 9
0.1509
0
polyzono_relu1 1 1
0.2711763996124268
0.0447998046875
polyzono_relu1 10 1
0.27624923171997073
0.04496884346008301
polyzono_relu1 2 1
0.2687526363372803
0.04325389862060547
polyzono_relu1 3 1
0.26725202980041507
0.04252004623413086
polyzono_relu1 4 1
0.26798349800109866
0.042694807052612305
polyzono_relu1 5 1
0.2697861808776856
0.04323315620422363
polyzono_relu1 6 1
0.2714031356811524
0.04376983642578125
polyzono_relu1 7 1
0.2722323554992676
0.04413461685180664
polyzono_relu1 8 1
0.2743383068084717
0.04408121109008789
polyzono_relu1 9 1
0.27408272209167484
0.04387378692626953
polyzono_relu10 1 10
0.26465779724121097
0.0423429012298584
polyzono_relu10 10 10
0.28326946678161624
0.04813647270202637
polyzono_relu10 2 10
0.2662020343780518
0.042577505111694336
polyzono_relu10 3 10
0.2684329170227051
0.0432744026184082
polyzono_relu10 4 10
0.26970631065368655
0.04376649856567383
polyzono_relu10 5 10
0.27132183494567874
0.04390525817871094
polyzono_relu10 6 10
0.2706010955810547
0.0434877872467041
polyzono_relu10 7 10
0.27388674201965335
0.044747352600097656
polyzono_relu10 8 10
0.2724934238433838
0.04405093193054199
polyzono_relu10 9 10
0.2762785572052002
0.04517722129821777
polyzono_relu2 1 2
0.2649186271667481
0.04182791709899902
polyzono_relu2 10 2
0.27599483909606937
0.044777870178222656
polyzono_relu2 2 2
0.2667699474334717
0.04240155220031738
polyzono_relu2 3 2
0.2665730136871338
0.04218578338623047
polyzono_relu2 4 2
0.26833397331237796
0.04282999038696289
polyzono_relu2 5 2
0.26999861183166507
0.043257951736450195
polyzono_relu2 6 2
0.2711504119873047
0.044129371643066406
polyzono_relu2 7 2
0.27568465652465823
0.04539227485656738
polyzono_relu2 8 2
0.2738214153289795
0.0443577766418457
polyzono_relu2 9 2
0.277796806716919
0.04558587074279785
polyzono_relu3 1 3
0.2647100109100342
0.041498422622680664
polyzono_relu3 10 3
0.27559691848754886
0.044985055923461914
polyzono_relu3 2 3
0.26754075469970706
0.04274630546569824
polyzono_relu3 3 3
0.26696044387817386
0.042407989501953125
polyzono_relu3 4 3
0.26958424034118655
0.0435488224029541
polyzono_relu3 5 3
0.27082163276672366
0.043747663497924805
polyzono_relu3 6 3
0.2707782405853272
0.04456377029418945
polyzono_relu3 7 3
0.2793832439422608
0.0471653938293457
polyzono_relu3 8 3
0.2775145191192627
0.04586434364318848
polyzono_relu3 9 3
0.2748594898223877
0.044426679611206055
polyzono_relu4 1 4
0.2647710460662842
0.041609764099121094
polyzono_relu4 10 4
0.27614313545227054
0.04483962059020996
polyzono_relu4 2 4
0.2660356182098389
0.04178214073181152
polyzono_relu4 3 4
0.26741701545715335
0.04264330863952637
polyzono_relu4 4 4
0.271606506729126
0.04434561729431152
polyzono_relu4 5 4
0.269303621673584
0.043349504470825195
polyzono_relu4 6 4
0.27066546859741214
0.04367375373840332
polyzono_relu4 7 4
0.27513462486267093
0.04538774490356445
polyzono_relu4 8 4
0.2736647743225098
0.04439806938171387
polyzono_relu4 9 4
0.2778657096862793
0.04577445983886719
polyzono_relu5 1 5
0.26462608757019046
0.041503190994262695
polyzono_relu5 10 5
0.27634245338439944
0.04497408866882324
polyzono_relu5 2 5
0.26605802955627444
0.041964054107666016
polyzono_relu5 3 5
0.2669826168060303
0.042505741119384766
polyzono_relu5 4 5
0.26950532379150394
0.043637752532958984
polyzono_relu5 5 5
0.2698088306427002
0.04291653633117676
polyzono_relu5 6 5
0.2708109039306641
0.04375100135803223
polyzono_relu5 7 5
0.2732530254364014
0.04446053504943848
polyzono_relu5 8 5
0.27655440750122073
0.04554939270019531
polyzono_relu5 9 5
0.27441793861389163
0.044574737548828125
polyzono_relu6 1 6
0.2675920146942139
0.04310250282287598
polyzono_relu6 10 6
0.2751734870910645
0.04476594924926758
polyzono_relu6 2 6
0.2662475723266602
0.04191231727600098
polyzono_relu6 3 6
0.26718598785400394
0.0426025390625
polyzono_relu6 4 6
0.26917272987365726
0.043282508850097656
polyzono_relu6 5 6
0.2690556663513184
0.043264150619506836
polyzono_relu6 6 6
0.2709978240966797
0.04356575012207031
polyzono_relu6 7 6
0.2717610019683838
0.044113874435424805
polyzono_relu6 8 6
0.2737398761749268
0.04404091835021973
polyzono_relu6 9 6
0.2742307800292969
0.04459047317504883
polyzono_relu7 1 7
0.2645109313964844
0.04152226448059082
polyzono_relu7 10 7
0.2765226978302002
0.04530930519104004
polyzono_relu7 2 7
0.2659929412841797
0.041793107986450195
polyzono_relu7 3 7
0.26679378929138187
0.04230213165283203
polyzono_relu7 4 7
0.26864034118652347
0.04349398612976074
polyzono_relu7 5 7
0.2770493644714356
0.04659008979797363
polyzono_relu7 6 7
0.27098804893493655
0.04367375373840332
polyzono_relu7 7 7
0.27950388374328616
0.04727315902709961
polyzono_relu7 8 7
0.27360993804931644
0.04437685012817383
polyzono_relu7 9 7
0.2751281875610352
0.04435110092163086
polyzono_relu8 1 8
0.26477724494934085
0.041459083557128906
polyzono_relu8 10 8
0.2757552284240723
0.04476499557495117
polyzono_relu8 2 8
0.2653816360473633
0.04158449172973633
polyzono_relu8 3 8
0.26721912803649905
0.04237055778503418
polyzono_relu8 4 8
0.26872831764221194
0.04299783706665039
polyzono_relu8 5 8
0.26955181541442874
0.04351806640625
polyzono_relu8 6 8
0.27248126449584964
0.04351997375488281
polyzono_relu8 7 8
0.2796736377716065
0.04798173904418945
polyzono_relu8 8 8
0.28128653945922855
0.0476839542388916
polyzono_relu8 9 8
0.27364307823181155
0.04383087158203125
polyzono_relu9 1 9
0.2645855564117432
0.04142451286315918
polyzono_relu9 10 9
0.27565962257385257
0.04497385025024414
polyzono_relu9 2 9
0.26567799034118655
0.041858673095703125
polyzono_relu9 3 9
0.26691371383666995
0.0429081916809082
polyzono_relu9 4 9
0.26813107910156253
0.04275870323181152
polyzono_relu9 5 9
0.2697294372558594
0.04315829277038574
polyzono_relu9 6 9
0.2786119598388672
0.04705214500427246
polyzono_relu9 7 9
0.27255851211547855
0.04395437240600586
polyzono_relu9 8 9
0.27350789489746097
0.04417896270751953
polyzono_relu9 9 9
0.2748399394989014
0.044252634048461914
refinezono_affine1 1 1
0.12521620849609374
0.006030559539794922
refinezono_affine1 10 1
0.12814613441467285
0.006643772125244141
refinezono_affine1 2 1
0.12648221115112304
0.006227970123291016
refinezono_affine1 3 1
0.12706395248413085
0.006475687026977539
refinezono_affine1 4 1
0.12582417587280273
0.006243705749511719
refinezono_affine1 5 1
0.1263534651184082
0.00638127326965332
refinezono_affine1 6 1
0.1263680086517334
0.00633549690246582
refinezono_affine1 7 1
0.12735053161621093
0.006463289260864258
refinezono_affine1 8 1
0.12848921875
0.006800651550292969
refinezono_affine1 9 1
0.1272070036315918
0.006459951400756836
refinezono_affine10 1 10
0.1351580248260498
0.0065495967864990234
refinezono_affine10 10 10
0.14253684143066406
0.007472515106201172
refinezono_affine10 2 10
0.1355540380859375
0.006664752960205078
refinezono_affine10 3 10
0.1369597540283203
0.006886005401611328
refinezono_affine10 4 10
0.13736268142700195
0.006976127624511719
refinezono_affine10 5 10
0.13791199783325195
0.007055997848510742
refinezono_affine10 6 10
0.13928028205871582
0.0071659088134765625
refinezono_affine10 7 10
0.14058467010498046
0.007189035415649414
refinezono_affine10 8 10
0.14088412384033203
0.0073392391204833984
refinezono_affine10 9 10
0.14407964805603027
0.007868051528930664
refinezono_affine2 1 2
0.12637206176757812
0.006093502044677734
refinezono_affine2 10 2
0.129679404296875
0.006652355194091797
refinezono_affine2 2 2
0.12645479301452636
0.006203174591064453
refinezono_affine2 3 2
0.1275288687133789
0.006426572799682617
refinezono_affine2 4 2
0.12773891548156738
0.006448984146118164
refinezono_affine2 5 2
0.12913461784362792
0.00681304931640625
refinezono_affine2 6 2
0.12942310432434082
0.006840944290161133
refinezono_affine2 7 2
0.1299090013885498
0.006959438323974609
refinezono_affine2 8 2
0.12846180061340332
0.006544828414916992
refinezono_affine2 9 2
0.1302926168823242
0.0070650577545166016
refinezono_affine3 1 3
0.1278495417022705
0.006311655044555664
refinezono_affine3 10 3
0.13223215202331542
0.007036685943603516
refinezono_affine3 2 3
0.12760277847290039
0.0063018798828125
refinezono_affine3 3 3
0.1281373129272461
0.00634455680847168
refinezono_affine3 4 3
0.12822433570861816
0.006411552429199219
refinezono_affine3 5 3
0.12884899238586425
0.006570339202880859
refinezono_affine3 6 3
0.13090821365356445
0.006974697113037109
refinezono_affine3 7 3
0.1295745001220703
0.006478786468505859
refinezono_affine3 8 3
0.1300000772857666
0.0066683292388916016
refinezono_affine3 9 3
0.1303522215270996
0.006813764572143555
refinezono_affine4 1 4
0.12831302742004394
0.006218671798706055
refinezono_affine4 10 4
0.1328389273071289
0.006890535354614258
refinezono_affine4 2 4
0.12887426475524902
0.006402015686035156
refinezono_affine4 3 4
0.1293761358642578
0.006410360336303711
refinezono_affine4 4 4
0.12952061752319335
0.006493806838989258
refinezono_affine4 5 4
0.13075443367004394
0.0067272186279296875
refinezono_affine4 6 4
0.13060351470947265
0.006677389144897461
refinezono_affine4 7 4
0.13081165412902832
0.0066797733306884766
refinezono_affine4 8 4
0.1312977896118164
0.006810188293457031
refinezono_affine4 9 4
0.13191076377868652
0.0069239139556884766
refinezono_affine5 1 5
0.12957974533081054
0.006427764892578125
refinezono_affine5 10 5
0.13387080291748046
0.006873369216918945
refinezono_affine5 2 5
0.1314522848510742
0.006867170333862305
refinezono_affine5 3 5
0.13225480178833007
0.0070383548736572266
refinezono_affine5 4 5
0.130900107421875
0.006631135940551758
refinezono_affine5 5 5
0.13334866622924804
0.00707554817199707
refinezono_affine5 6 5
0.13186546424865722
0.006700754165649414
refinezono_affine5 7 5
0.1330229864501953
0.006819248199462891
refinezono_affine5 8 5
0.13484903434753417
0.007246732711791992
refinezono_affine5 9 5
0.13318368057250976
0.0068645477294921875
refinezono_affine6 1 6
0.13096519569396972
0.006407499313354492
refinezono_affine6 10 6
0.13551660636901855
0.007162570953369141
refinezono_affine6 2 6
0.13189812759399414
0.0066487789154052734
refinezono_affine6 3 6
0.1324863062286377
0.006767749786376953
refinezono_affine6 4 6
0.1341347322845459
0.007107734680175781
refinezono_affine6 5 6
0.1325196848297119
0.0065877437591552734
refinezono_affine6 6 6
0.13313933471679687
0.006755352020263672
refinezono_affine6 7 6
0.13404151062011718
0.00670933723449707
refinezono_affine6 8 6
0.13425370315551757
0.006935834884643555
refinezono_affine6 9 6
0.13474365333557128
0.0069119930267333984
refinezono_affine7 1 7
0.13152142623901367
0.006449222564697266
refinezono_affine7 10 7
0.1376616583251953
0.007123470306396484
refinezono_affine7 2 7
0.13222261528015136
0.006568431854248047
refinezono_affine7 3 7
0.13257285217285156
0.006561279296875
refinezono_affine7 4 7
0.13341351608276367
0.006679534912109375
refinezono_affine7 5 7
0.1343032942199707
0.006780862808227539
refinezono_affine7 6 7
0.13462062934875488
0.006803035736083984
refinezono_affine7 7 7
0.13507124046325683
0.006760120391845703
refinezono_affine7 8 7
0.13618918518066406
0.0071070194244384766
refinezono_affine7 9 7
0.13677092651367187
0.007086753845214844
refinezono_affine8 1 8
0.1325964556121826
0.00657963752746582
refinezono_affine8 10 8
0.13867946723937988
0.007174968719482422
refinezono_affine8 2 8
0.13330551246643066
0.0065801143646240234
refinezono_affine8 3 8
0.13398834327697753
0.006618022918701172
refinezono_affine8 4 8
0.13487573722839355
0.006788730621337891
refinezono_affine8 5 8
0.13542147735595703
0.006836414337158203
refinezono_affine8 6 8
0.13623448471069335
0.0069119930267333984
refinezono_affine8 7 8
0.13700100044250488
0.006923675537109375
refinezono_affine8 8 8
0.13753195861816406
0.0071294307708740234
refinezono_affine8 9 8
0.1384086237335205
0.007128238677978516
refinezono_affine9 1 9
0.13402339080810546
0.006638288497924805
refinezono_affine9 10 9
0.14064665893554687
0.0074520111083984375
refinezono_affine9 2 9
0.13430830101013183
0.006721973419189453
refinezono_affine9 3 9
0.13741227249145507
0.0072324275970458984
refinezono_affine9 4 9
0.13842841247558593
0.007354736328125
refinezono_affine9 5 9
0.13680025199890136
0.00696873664855957
refinezono_affine9 6 9
0.13984986404418945
0.007401227951049805
refinezono_affine9 7 9
0.13849445442199707
0.007058143615722656
refinezono_affine9 8 9
0.139031849899292
0.007124662399291992
refinezono_affine9 9 9
0.14061804870605468
0.007319927215576172
refinezono_maxpool1 1 1
0.13750746192932128
0.012350320816040039
refinezono_maxpool1 10 1
0.14325287284851074
0.013701438903808594
refinezono_maxpool1 2 1
0.13980367126464843
0.013200759887695312
refinezono_maxpool1 3 1
0.13815667572021484
0.012580633163452148
refinezono_maxpool1 4 1
0.13857271614074707
0.012741327285766602
refinezono_maxpool1 5 1
0.13936045112609863
0.013129711151123047
refinezono_maxpool1 6 1
0.14151837768554687
0.013743162155151367
refinezono_maxpool1 7 1
0.14010765495300292
0.013178586959838867
refinezono_maxpool1 8 1
0.14016797485351562
0.013217926025390625
refinezono_maxpool1 9 1
0.14088752212524414
0.013395547866821289
refinezono_maxpool10 1 10
0.1069
0
refinezono_maxpool2 1 2
0.14006450119018554
0.03554415702819824
refinezono_maxpool2 10 2
0.14455535354614257
0.018483638763427734
refinezono_maxpool2 2 2
0.14039995613098144
0.03783845901489258
refinezono_maxpool2 3 2
0.14143540802001953
0.034804582595825195
refinezono_maxpool2 4 2
0.14399888458251953
0.03870701789855957
refinezono_maxpool2 5 2
0.14228370132446289
0.03512406349182129
refinezono_maxpool2 6 2
0.14227821769714355
0.036298274993896484
refinezono_maxpool2 7 2
0.14553382339477539
0.04506850242614746
refinezono_maxpool2 8 2
0.14376189651489257
0.040060997009277344
refinezono_maxpool2 9 2
0.14676477851867675
0.01994633674621582
refinezono_maxpool3 1 3
0.1446676486968994
0.6724674701690674
refinezono_maxpool3 10 3
0.14975645484924316
1.990774154663086
refinezono_maxpool3 2 3
0.1448338264465332
0.6604349613189697
refinezono_maxpool3 3 3
0.14515020790100097
0.9828858375549316
refinezono_maxpool3 4 3
0.1458273166656494
0.9778962135314941
refinezono_maxpool3 5 3
0.14977028312683105
1.3457913398742676
refinezono_maxpool3 6 3
0.14771010818481445
1.2679476737976074
refinezono_maxpool3 7 3
0.1476710075378418
0.9529030323028564
refinezono_maxpool3 8 3
0.14841153564453125
2.027341842651367
refinezono_maxpool3 9 3
0.14920809211730957
3.0741961002349854
refinezono_maxpool4 1 4
0.1069
0
refinezono_maxpool5 1 5
0.1069
0
refinezono_maxpool6 1 6
0.1069
0
refinezono_maxpool7 1 7
0.1069
0
refinezono_maxpool8 1 8
0.1069
0
refinezono_maxpool9 1 9
0.1069
0
refinezono_relu1 1 1
0.2298253801727295
0.038558006286621094
refinezono_relu1 10 1
0.23579895767211914
0.03969001770019531
refinezono_relu1 2 1
0.22592819007873535
0.03632616996765137
refinezono_relu1 3 1
0.23177039894104004
0.03928685188293457
refinezono_relu1 4 1
0.22994339736938477
0.0378568172454834
refinezono_relu1 5 1
0.22908652099609375
0.037619590759277344
refinezono_relu1 6 1
0.2300850180053711
0.03770279884338379
refinezono_relu1 7 1
0.2300699976348877
0.03766989707946777
refinezono_relu1 8 1
0.23215544494628906
0.03803730010986328
refinezono_relu1 9 1
0.23294723304748535
0.03895235061645508
refinezono_relu10 1 10
0.2298432615661621
0.03820443153381348
refinezono_relu10 10 10
0.23564803871154785
0.03956031799316406
refinezono_relu10 2 10
0.22539556297302246
0.03593945503234863
refinezono_relu10 3 10
0.22658765586853027
0.036260128021240234
refinezono_relu10 4 10
0.2330631044769287
0.03988361358642578
refinezono_relu10 5 10
0.22842753204345703
0.03729605674743652
refinezono_relu10 6 10
0.2307885912322998
0.0382533073425293
refinezono_relu10 7 10
0.23008072647094727
0.037546396255493164
refinezono_relu10 8 10
0.2328795221710205
0.03897905349731445
refinezono_relu10 9 10
0.23867953094482422
0.04152560234069824
refinezono_relu2 1 2
0.2252329615020752
0.03628253936767578
refinezono_relu2 10 2
0.2341889170074463
0.03921318054199219
refinezono_relu2 2 2
0.23068392547607422
0.03863787651062012
refinezono_relu2 3 2
0.22620260986328125
0.036673545837402344
refinezono_relu2 4 2
0.23314559730529785
0.03993368148803711
refinezono_relu2 5 2
0.23078501495361328
0.038712501525878906
refinezono_relu2 6 2
0.23563468727111817
0.04014396667480469
refinezono_relu2 7 2
0.2367395189666748
0.04047060012817383
refinezono_relu2 8 2
0.2373799112701416
0.040910959243774414
refinezono_relu2 9 2
0.23903405937194824
0.0417180061340332
refinezono_relu3 1 3
0.23008048805236817
0.03853487968444824
refinezono_relu3 10 3
0.23969137939453125
0.04110431671142578
refinezono_relu3 2 3
0.22513020309448242
0.03606581687927246
refinezono_relu3 3 3
0.2276769903564453
0.03722262382507324
refinezono_relu3 4 3
0.2271713045501709
0.03712916374206543
refinezono_relu3 5 3
0.2341903475189209
0.03976559638977051
refinezono_relu3 6 3
0.22972691329956055
0.03793835639953613
refinezono_relu3 7 3
0.23049319061279297
0.038002729415893555
refinezono_relu3 8 3
0.2315031317138672
0.03853654861450195
refinezono_relu3 9 3
0.23356068405151367
0.03958725929260254
refinezono_relu4 1 4
0.224225404586792
0.03578615188598633
refinezono_relu4 10 4
0.2333358553314209
0.03887677192687988
refinezono_relu4 2 4
0.23084080490112305
0.0386354923248291
refinezono_relu4 3 4
0.2268978384399414
0.036888837814331055
refinezono_relu4 4 4
0.23311722549438477
0.03957962989807129
refinezono_relu4 5 4
0.22983777793884277
0.038191795349121094
refinezono_relu4 6 4
0.23041403564453125
0.03807854652404785
refinezono_relu4 7 4
0.2369970110321045
0.04076409339904785
refinezono_relu4 8 4
0.23394978317260742
0.04024052619934082
refinezono_relu4 9 4
0.23311126502990723
0.039517879486083984
refinezono_relu5 1 5
0.22481072219848633
0.035959482192993164
refinezono_relu5 10 5
0.2390116480255127
0.04098939895629883
refinezono_relu5 2 5
0.23050582679748535
0.03838229179382324
refinezono_relu5 3 5
0.23231137069702149
0.03963017463684082
refinezono_relu5 4 5
0.23296439918518067
0.03945183753967285
refinezono_relu5 5 5
0.22934806617736817
0.0378267765045166
refinezono_relu5 6 5
0.22931540283203125
0.03745245933532715
refinezono_relu5 7 5
0.23607647689819336
0.040070295333862305
refinezono_relu5 8 5
0.23749172958374024
0.041008949279785156
refinezono_relu5 9 5
0.23263061317443848
0.03895092010498047
refinezono_relu6 1 6
0.22993815216064453
0.03875327110290527
refinezono_relu6 10 6
0.23355448516845703
0.03864932060241699
refinezono_relu6 2 6
0.22617137702941895
0.03659963607788086
refinezono_relu6 3 6
0.23212015899658203
0.039125919342041016
refinezono_relu6 4 6
0.22740829261779785
0.03706073760986328
refinezono_relu6 5 6
0.22873413833618164
0.037528038024902344
refinezono_relu6 6 6
0.23518812927246094
0.04032087326049805
refinezono_relu6 7 6
0.23154676231384277
0.0384678840637207
refinezono_relu6 8 6
0.2378393438720703
0.0408785343170166
refinezono_relu6 9 6
0.2393463877105713
0.04180145263671875
refinezono_relu7 1 7
0.22525704177856445
0.035805702209472656
refinezono_relu7 10 7
0.23474490913391113
0.03936433792114258
refinezono_relu7 2 7
0.2256156233215332
0.0362551212310791
refinezono_relu7 3 7
0.22678435119628906
0.03670525550842285
refinezono_relu7 4 7
0.232756259765625
0.03963160514831543
refinezono_relu7 5 7
0.22955787452697754
0.0377652645111084
refinezono_relu7 6 7
0.23569381507873535
0.04035234451293945
refinezono_relu7 7 7
0.236617925491333
0.04070568084716797
refinezono_relu7 8 7
0.23205769332885742
0.03873753547668457
refinezono_relu7 9 7
0.23257553848266602
0.03862476348876953
refinezono_relu8 1 8
0.2243798998260498
0.03585028648376465
refinezono_relu8 10 8
0.2360059049987793
0.03874540328979492
refinezono_relu8 2 8
0.22652709754943848
0.03696274757385254
refinezono_relu8 3 8
0.2275224951171875
0.0371854305267334
refinezono_relu8 4 8
0.22768461975097656
0.03726625442504883
refinezono_relu8 5 8
0.23420203002929688
0.039670705795288086
refinezono_relu8 6 8
0.23005211624145508
0.03758072853088379
refinezono_relu8 7 8
0.23670375617980957
0.04048752784729004
refinezono_relu8 8 8
0.23271811279296875
0.03889060020446777
refinezono_relu8 9 8
0.23509729179382324
0.04009389877319336
refinezono_relu9 1 9
0.22478568824768067
0.035953521728515625
refinezono_relu9 10 9
0.23398578437805176
0.039003849029541016
refinezono_relu9 2 9
0.23070633682250977
0.03847956657409668
refinezono_relu9 3 9
0.2266083982849121
0.03688192367553711
refinezono_relu9 4 9
0.22847521575927734
0.03744339942932129
refinezono_relu9 5 9
0.23402703079223633
0.04007434844970703
refinezono_relu9 6 9
0.23555243286132813
0.040357112884521484
refinezono_relu9 7 9
0.2314595011138916
0.038099050521850586
refinezono_relu9 8 9
0.23281300338745117
0.038922786712646484
refinezono_relu9 9 9
0.23364985260009766
0.0390009880065918
zono_affine1 1 1
0.10577586929321289
0.003237485885620117
zono_affine1 10 1
0.1074092749786377
0.0035512447357177734
zono_affine1 2 1
0.1065547827911377
0.0034608840942382812
zono_affine1 3 1
0.10652641098022461
0.0034050941467285156
zono_affine1 4 1
0.10623315612792969
0.003425121307373047
zono_affine1 5 1
0.10619524757385254
0.0032587051391601562
zono_affine1 6 1
0.10760644714355469
0.003545045852661133
zono_affine1 7 1
0.106799638671875
0.003560304641723633
zono_affine1 8 1
0.10708240310668946
0.0034551620483398438
zono_affine1 9 1
0.10806993286132813
0.003645181655883789
zono_affine10 1 10
0.20054606239318848
0.00421905517578125
zono_affine10 10 10
0.20605138580322266
0.004597187042236328
zono_affine10 2 10
0.20711568634033203
0.0044803619384765625
zono_affine10 3 10
0.1985788706970215
0.004374265670776367
zono_affine10 4 10
0.20327523986816406
0.004305124282836914
zono_affine10 5 10
0.19857529441833496
0.0044100284576416016
zono_affine10 6 10
0.20167425910949707
0.004323482513427734
zono_affine10 7 10
0.2011433009338379
0.004525899887084961
zono_affine10 8 10
0.20553211013793946
0.004551887512207031
zono_affine10 9 10
0.20225075523376465
0.00458836555480957
zono_affine2 1 2
0.10626868049621582
0.003362417221069336
zono_affine2 10 2
0.1086454753112793
0.0035736560821533203
zono_affine2 2 2
0.10671142379760742
0.003427743911743164
zono_affine2 3 2
0.10720614234924317
0.003398418426513672
zono_affine2 4 2
0.10736922065734864
0.0034852027893066406
zono_affine2 5 2
0.10761574546813965
0.003544330596923828
zono_affine2 6 2
0.1079585913848877
0.0035822391510009766
zono_affine2 7 2
0.10803393165588379
0.0035772323608398438
zono_affine2 8 2
0.10819653312683106
0.003705263137817383
zono_affine2 9 2
0.10843876640319824
0.003553152084350586
zono_affine3 1 3
0.10760048667907715
0.0035696029663085938
zono_affine3 10 3
0.11080244819641114
0.0037899017333984375
zono_affine3 2 3
0.10766295234680176
0.0034942626953125
zono_affine3 3 3
0.10816196243286133
0.003618478775024414
zono_affine3 4 3
0.10859564582824707
0.003673076629638672
zono_affine3 5 3
0.10900954048156739
0.0036635398864746094
zono_affine3 6 3
0.11016634742736817
0.003858327865600586
zono_affine3 7 3
0.10958126823425293
0.0036554336547851562
zono_affine3 8 3
0.10976580421447754
0.003722667694091797
zono_affine3 9 3
0.11007598678588867
0.003690958023071289
zono_affine4 1 4
0.11012772361755371
0.0037479400634765625
zono_affine4 10 4
0.11427406112670899
0.004002809524536133
zono_affine4 2 4
0.11051777641296387
0.003760814666748047
zono_affine4 3 4
0.10973671714782715
0.0036916732788085938
zono_affine4 4 4
0.11106423179626465
0.0038771629333496094
zono_affine4 5 4
0.11070064346313477
0.003745555877685547
zono_affine4 6 4
0.11110404769897461
0.003753185272216797
zono_affine4 7 4
0.11159280578613281
0.003780364990234375
zono_affine4 8 4
0.11195877830505371
0.003883838653564453
zono_affine4 9 4
0.11366919319152832
0.0039806365966796875
zono_affine5 1 5
0.11108974258422852
0.00368499755859375
zono_affine5 10 5
0.1152062777709961
0.003907680511474609
zono_affine5 2 5
0.11170128623962403
0.003787517547607422
zono_affine5 3 5
0.11254624168395996
0.0037796497344970703
zono_affine5 4 5
0.11252025405883789
0.0038709640502929688
zono_affine5 5 5
0.1142297152709961
0.00397038459777832
zono_affine5 6 5
0.1142764453125
0.003862142562866211
zono_affine5 7 5
0.11415842811584473
0.003867626190185547
zono_affine5 8 5
0.11493829528808594
0.00393986701965332
zono_affine5 9 5
0.11474350730895996
0.003916263580322266
zono_affine6 1 6
0.11482266227722168
0.0038275718688964844
zono_affine6 10 6
0.11968973915100098
0.00410151481628418
zono_affine6 2 6
0.1165192488861084
0.004025459289550781
zono_affine6 3 6
0.11610559265136719
0.003916740417480469
zono_affine6 4 6
0.1179848078918457
0.0040912628173828125
zono_affine6 5 6
0.11721519271850586
0.0038805007934570312
zono_affine6 6 6
0.11716655532836914
0.0038721561431884766
zono_affine6 7 6
0.11838415901184082
0.004013776779174805
zono_affine6 8 6
0.1182129744720459
0.004080772399902344
zono_affine6 9 6
0.11907366554260254
0.003999471664428711
zono_affine7 1 7
0.1234004859161377
0.004049062728881836
zono_affine7 10 7
0.12728098670959473
0.004202842712402344
zono_affine7 2 7
0.12153033058166504
0.003854036331176758
zono_affine7 3 7
0.12211040298461914
0.00400090217590332
zono_affine7 4 7
0.12293676177978516
0.003988504409790039
zono_affine7 5 7
0.12305740158081055
0.004011392593383789
zono_affine7 6 7
0.1237359408569336
0.004079341888427734
zono_affine7 7 7
0.1264844302368164
0.004246234893798828
zono_affine7 8 7
0.12474874298095703
0.0040302276611328125
zono_affine7 9 7
0.12618807594299317
0.004155397415161133
zono_affine8 1 8
0.13569191734313965
0.004291534423828125
zono_affine8 10 8
0.13799909393310547
0.004248857498168945
zono_affine8 2 8
0.1326153639984131
0.0040705204010009766
zono_affine8 3 8
0.13410524169921875
0.0042400360107421875
zono_affine8 4 8
0.13457731048583985
0.004128456115722656
zono_affine8 5 8
0.13532761375427246
0.004179954528808594
zono_affine8 6 8
0.1351666812133789
0.0042133331298828125
zono_affine8 7 8
0.13602212707519531
0.004128932952880859
zono_affine8 8 8
0.13673452178955078
0.004277944564819336
zono_affine8 9 8
0.13749007026672364
0.0043048858642578125
zono_affine9 1 9
0.1531865958404541
0.004086971282958984
zono_affine9 10 9
0.16047648231506348
0.004458904266357422
zono_affine9 2 9
0.1561150912475586
0.004116535186767578
zono_affine9 3 9
0.15540436546325684
0.004244327545166016
zono_affine9 4 9
0.15768221656799317
0.004239320755004883
zono_affine9 5 9
0.15734032432556153
0.004210472106933594
zono_affine9 6 9
0.1632397536468506
0.004584789276123047
zono_affine9 7 9
0.1590910319519043
0.004458904266357422
zono_affine9 8 9
0.15880659858703614
0.004409074783325195
zono_affine9 9 9
0.15855006019592285
0.00439906120300293
zono_maxpool1 1 1
0.12015386932373047
0.009146690368652344
zono_maxpool1 10 1
0.12453075759887695
0.011124610900878906
zono_maxpool1 2 1
0.12044545524597168
0.009376049041748047
zono_maxpool1 3 1
0.12029310577392578
0.009368896484375
zono_maxpool1 4 1
0.12231990211486816
0.009986400604248047
zono_maxpool1 5 1
0.12149711959838867
0.009683847427368164
zono_maxpool1 6 1
0.12179967277526856
0.009750127792358398
zono_maxpool1 7 1
0.12218901031494141
0.009896516799926758
zono_maxpool1 8 1
0.12205740325927734
0.01003408432006836
zono_maxpool1 9 1
0.1240651261138916
0.010624885559082031
zono_maxpool10 1 10
0.09518
0
zono_maxpool2 1 2
0.12230225914001465
0.012777090072631836
zono_maxpool2 10 2
0.12551399581909178
0.01465153694152832
zono_maxpool2 2 2
0.1223551880645752
0.013053655624389648
zono_maxpool2 3 2
0.12232371681213379
0.01301264762878418
zono_maxpool2 4 2
0.12477680557250977
0.014221429824829102
zono_maxpool2 5 2
0.12373205535888672
0.01390528678894043
zono_maxpool2 6 2
0.12368079536437988
0.014093637466430664
zono_maxpool2 7 2
0.12405415885925293
0.01450490951538086
zono_maxpool2 8 2
0.12468739860534668
0.014887094497680664
zono_maxpool2 9 2
0.1245529305267334
0.014831304550170898
zono_maxpool3 1 3
0.12440344207763672
0.019254684448242188
zono_maxpool3 10 3
0.1286751877593994
0.028434038162231445
zono_maxpool3 2 3
0.12531467788696288
0.019194841384887695
zono_maxpool3 3 3
0.12611743324279784
0.019423484802246094
zono_maxpool3 4 3
0.12626191490173339
0.019885778427124023
zono_maxpool3 5 3
0.12673493736267089
0.026405811309814453
zono_maxpool3 6 3
0.12711593025207518
0.028622150421142578
zono_maxpool3 7 3
0.12743588798522948
0.02502894401550293
zono_maxpool3 8 3
0.12775322311401366
0.022564172744750977
zono_maxpool3 9 3
0.12993284576416014
0.02665853500366211
zono_maxpool4 1 4
0.12874456756591796
0.048696041107177734
zono_maxpool4 10 4
0.13265344017028807
0.05732154846191406
zono_maxpool4 2 4
0.12885304801940917
0.05190610885620117
zono_maxpool4 3 4
0.1317097794342041
0.05648303031921387
zono_maxpool4 4 4
0.1308109413909912
0.04774832725524902
zono_maxpool4 5 4
0.13048001640319823
0.062212228775024414
zono_maxpool4 6 4
0.1316797386932373
0.05829262733459473
zono_maxpool4 7 4
0.13146182411193846
0.0635671615600586
zono_maxpool4 8 4
0.1319727551269531
0.06906580924987793
zono_maxpool4 9 4
0.13215752952575682
0.06667804718017578
zono_maxpool5 1 5
0.13281318061828612
0.3772420883178711
zono_maxpool5 10 5
0.14110561721801756
1.1202480792999268
zono_maxpool5 2 5
0.13329287879943846
0.3947012424468994
zono_maxpool5 3 5
0.1365179669189453
0.368349552154541
zono_maxpool5 4 5
0.13449856155395506
0.531562328338623
zono_maxpool5 5 5
0.1380612503814697
0.8146593570709229
zono_maxpool5 6 5
0.13550039642333983
0.39551615715026855
zono_maxpool5 7 5
0.13846417778015135
0.4367403984069824
zono_maxpool5 8 5
0.13756176345825194
0.4173624515533447
zono_maxpool5 9 5
0.13779636734008788
0.31908583641052246
zono_maxpool6 1 6
0.13895341270446776
51.544289350509644
zono_maxpool6 10 6
0.14427348487854003
65.93028044700623
zono_maxpool6 2 6
0.13934823387145995
35.838314056396484
zono_maxpool6 3 6
0.14355584495544432
39.56360054016113
zono_maxpool6 4 6
0.14052339904785155
32.831464529037476
zono_maxpool6 5 6
0.1449093472290039
98.09761619567871
zono_maxpool6 6 6
0.14134379737854003
36.65630054473877
zono_maxpool6 7 6
0.14261266105651854
46.71806764602661
zono_maxpool6 8 6
0.1445729386138916
32.845494508743286
zono_maxpool6 9 6
0.14339538925170897
32.79313635826111
zono_maxpool7 1 7
0.09518
0
zono_maxpool8 1 8
0.09518
0
zono_maxpool9 1 9
0.09518
0
zono_relu1 1 1
0.16967592147827149
0.02619647979736328
zono_relu1 10 1
0.17834815887451172
0.029764175415039062
zono_relu1 2 1
0.16865906623840332
0.025959014892578125
zono_relu1 3 1
0.17003354934692383
0.026788711547851562
zono_relu1 4 1
0.1710213175201416
0.0274050235748291
zono_relu1 5 1
0.17182741073608399
0.027390003204345703
zono_relu1 6 1
0.172304009475708
0.027554035186767578
zono_relu1 7 1
0.17268834022521973
0.027902841567993164
zono_relu1 8 1
0.17351994422912598
0.028093338012695312
zono_relu1 9 1
0.1743308058166504
0.027935504913330078
zono_relu10 1 10
0.16841897872924805
0.026150941848754883
zono_relu10 10 10
0.1748507967376709
0.02833700180053711
zono_relu10 2 10
0.16948923973083496
0.026435375213623047
zono_relu10 3 10
0.16933307556152344
0.026476621627807617
zono_relu10 4 10
0.17093810943603516
0.027251005172729492
zono_relu10 5 10
0.17157969383239746
0.027146339416503906
zono_relu10 6 10
0.17201957611083984
0.027547597885131836
zono_relu10 7 10
0.17332754043579102
0.027872800827026367
zono_relu10 8 10
0.17365083602905274
0.027673721313476562
zono_relu10 9 10
0.1741348257446289
0.02793431282043457
zono_relu2 1 2
0.16871056465148926
0.026263713836669922
zono_relu2 10 2
0.1761036863708496
0.02855086326599121
zono_relu2 2 2
0.16994032768249512
0.026596546173095703
zono_relu2 3 2
0.1699217310333252
0.026638031005859375
zono_relu2 4 2
0.17127070335388184
0.027189970016479492
zono_relu2 5 2
0.1747146597290039
0.028705120086669922
zono_relu2 6 2
0.1714313974761963
0.027122020721435547
zono_relu2 7 2
0.17301044372558594
0.027884960174560547
zono_relu2 8 2
0.17405352500915527
0.028172016143798828
zono_relu2 9 2
0.17427906898498535
0.027848243713378906
zono_relu3 1 3
0.1685036173248291
0.026104211807250977
zono_relu3 10 3
0.17546806243896484
0.028374195098876953
zono_relu3 2 3
0.16944155601501465
0.026351213455200195
zono_relu3 3 3
0.1800220957183838
0.03133416175842285
zono_relu3 4 3
0.1758116236114502
0.029178619384765625
zono_relu3 5 3
0.17153153327941895
0.02730727195739746
zono_relu3 6 3
0.17529735473632813
0.028986215591430664
zono_relu3 7 3
0.17233881858825684
0.02741861343383789
zono_relu3 8 3
0.17363676933288574
0.028022289276123047
zono_relu3 9 3
0.17434964088439941
0.02788519859313965
zono_relu4 1 4
0.1683968058013916
0.0260009765625
zono_relu4 10 4
0.17500910667419434
0.028356313705444336
zono_relu4 2 4
0.1726387491607666
0.027899742126464844
zono_relu4 3 4
0.17345437911987305
0.0283963680267334
zono_relu4 4 4
0.16973194984436035
0.02677750587463379
zono_relu4 5 4
0.17154631523132324
0.02736067771911621
zono_relu4 6 4
0.17206129936218262
0.027407169342041016
zono_relu4 7 4
0.172257041015625
0.02748394012451172
zono_relu4 8 4
0.17387900260925293
0.028075218200683594
zono_relu4 9 4
0.17399868873596191
0.02774667739868164
zono_relu5 1 5
0.16858873275756836
0.026230573654174805
zono_relu5 10 5
0.17504129318237305
0.028329133987426758
zono_relu5 2 5
0.16945252326965332
0.026448488235473633
zono_relu5 3 5
0.16985711959838867
0.026592254638671875
zono_relu5 4 5
0.17076883224487305
0.027106046676635742
zono_relu5 5 5
0.17078146842956543
0.02696394920349121
zono_relu5 6 5
0.171355580368042
0.027180194854736328
zono_relu5 7 5
0.1734007349395752
0.02797389030456543
zono_relu5 8 5
0.17429838088989258
0.028142452239990234
zono_relu5 9 5
0.17538223175048828
0.028799772262573242
zono_relu6 1 6
0.16862091926574707
0.026198625564575195
zono_relu6 10 6
0.17411241439819336
0.027959585189819336
zono_relu6 2 6
0.17005238441467285
0.0266878604888916
zono_relu6 3 6
0.1700464239501953
0.026432514190673828
zono_relu6 4 6
0.1736136427307129
0.02847599983215332
zono_relu6 5 6
0.17217621711730957
0.027515411376953125
zono_relu6 6 6
0.1721821775817871
0.02741837501525879
zono_relu6 7 6
0.17324290184020996
0.027878284454345703
zono_relu6 8 6
0.17702159790039063
0.029317617416381836
zono_relu6 9 6
0.1741331568145752
0.028028488159179688
zono_relu7 1 7
0.1686702719116211
0.026074886322021484
zono_relu7 10 7
0.17560872940063477
0.028207063674926758
zono_relu7 2 7
0.17269334701538086
0.02789449691772461
zono_relu7 3 7
0.1702583780670166
0.026808738708496094
zono_relu7 4 7
0.17378721145629883
0.028596878051757812
zono_relu7 5 7
0.17228016761779785
0.027394771575927734
zono_relu7 6 7
0.17284927276611328
0.027774810791015625
zono_relu7 7 7
0.17249736694335938
0.02759265899658203
zono_relu7 8 7
0.17286167053222656
0.02771902084350586
zono_relu7 9 7
0.17444333938598633
0.028174400329589844
zono_relu8 1 8
0.16871294883728027
0.026179790496826172
zono_relu8 10 8
0.17386398223876953
0.028230667114257812
zono_relu8 2 8
0.16864786056518555
0.02613973617553711
zono_relu8 3 8
0.17339262870788574
0.02827596664428711
zono_relu8 4 8
0.17404684928894043
0.028431415557861328
zono_relu8 5 8
0.17488751319885254
0.02885270118713379
zono_relu8 6 8
0.17298183349609375
0.027844667434692383
zono_relu8 7 8
0.17676553634643555
0.0293731689453125
zono_relu8 8 8
0.17463264373779297
0.02820110321044922
zono_relu8 9 8
0.17394456771850586
0.02825760841369629
zono_relu9 1 9
0.16956887153625488
0.026415586471557617
zono_relu9 10 9
0.17838582901000977
0.02976393699645996
zono_relu9 2 9
0.17254004386901856
0.02794480323791504
zono_relu9 3 9
0.17072281745910645
0.02692103385925293
zono_relu9 4 9
0.17063650993347168
0.0268404483795166
zono_relu9 5 9
0.17093381790161133
0.026916027069091797
zono_relu9 6 9
0.17242154983520508
0.027528762817382812
zono_relu9 7 9
0.17240247634887695
0.027527570724487305
zono_relu9 8 9
0.1737378588104248
0.02783203125
zono_relu9 9 9
0.1744240274810791
0.027780771255493164
