deeppoly_affine1 1 1
0.06353163719177246
0.004372358322143555
deeppoly_affine1 10 1
0
0
deeppoly_affine1 2 1
0.05726218223571777
0.0035419464111328125
deeppoly_affine1 3 1
0.06696772575378418
0.003960132598876953
deeppoly_affine1 4 1
0.07642388343811035
0.004056453704833984
deeppoly_affine1 5 1
0.13031339645385742
0.004245758056640625
deeppoly_affine1 6 1
0.41597771644592285
0.004693508148193359
deeppoly_affine1 7 1
2.794275999069214
0.005256175994873047
deeppoly_affine1 8 1
0
0
deeppoly_affine1 9 1
0
0
deeppoly_affine10 1 10
0.059647560119628906
0.0034279823303222656
deeppoly_affine10 10 10
0
0
deeppoly_affine10 2 10
0.06414628028869629
0.003731250762939453
deeppoly_affine10 3 10
0.0706169605255127
0.004171848297119141
deeppoly_affine10 4 10
0.0833587646484375
0.00424957275390625
deeppoly_affine10 5 10
0.14922285079956055
0.004662036895751953
deeppoly_affine10 6 10
0.41852378845214844
0.004870891571044922
deeppoly_affine10 7 10
2.575483560562134
0.0050220489501953125
deeppoly_affine10 8 10
0
0
deeppoly_affine10 9 10
0
0
deeppoly_affine2 1 2
0.0551605224609375
0.0033555030822753906
deeppoly_affine2 10 2
0
0
deeppoly_affine2 2 2
0.05901336669921875
0.0036249160766601562
deeppoly_affine2 3 2
0.0642092227935791
0.003805398941040039
deeppoly_affine2 4 2
0.07915711402893066
0.004174709320068359
deeppoly_affine2 5 2
0.12862110137939453
0.00431060791015625
deeppoly_affine2 6 2
0.41800808906555176
0.004770040512084961
deeppoly_affine2 7 2
2.6962950229644775
0.005144596099853516
deeppoly_affine2 8 2
0
0
deeppoly_affine2 9 2
0
0
deeppoly_affine3 1 3
0.055846452713012695
0.003330230712890625
deeppoly_affine3 10 3
0
0
deeppoly_affine3 2 3
0.05934619903564453
0.003529787063598633
deeppoly_affine3 3 3
0.06494259834289551
0.003907680511474609
deeppoly_affine3 4 3
0.07795286178588867
0.0040585994720458984
deeppoly_affine3 5 3
0.13970446586608887
0.004689931869506836
deeppoly_affine3 6 3
0.42960190773010254
0.004846811294555664
deeppoly_affine3 7 3
2.603835105895996
0.004876375198364258
deeppoly_affine3 8 3
0
0
deeppoly_affine3 9 3
0
0
deeppoly_affine4 1 4
0.056680917739868164
0.003407001495361328
deeppoly_affine4 10 4
0
0
deeppoly_affine4 2 4
0.059969186782836914
0.0035729408264160156
deeppoly_affine4 3 4
0.06474590301513672
0.0039060115814208984
deeppoly_affine4 4 4
0.0781707763671875
0.004110097885131836
deeppoly_affine4 5 4
0.13499140739440918
0.004498958587646484
deeppoly_affine4 6 4
0.4126560688018799
0.004671573638916016
deeppoly_affine4 7 4
2.7995877265930176
0.005274057388305664
deeppoly_affine4 8 4
0
0
deeppoly_affine4 9 4
0
0
deeppoly_affine5 1 5
0.056427001953125
0.003305673599243164
deeppoly_affine5 10 5
0
0
deeppoly_affine5 2 5
0.06064605712890625
0.003658294677734375
deeppoly_affine5 3 5
0.06541681289672852
0.003877401351928711
deeppoly_affine5 4 5
0.07885956764221191
0.0041048526763916016
deeppoly_affine5 5 5
0.13321256637573242
0.0044803619384765625
deeppoly_affine5 6 5
0.4080185890197754
0.004729509353637695
deeppoly_affine5 7 5
2.6039059162139893
0.00493621826171875
deeppoly_affine5 9 5
0
0
deeppoly_affine6 1 6
0.0570375919342041
0.0033011436462402344
deeppoly_affine6 10 6
0
0
deeppoly_affine6 2 6
0.06130385398864746
0.0036215782165527344
deeppoly_affine6 3 6
0.06615948677062988
0.0038738250732421875
deeppoly_affine6 4 6
0.08508920669555664
0.004437685012817383
deeppoly_affine6 5 6
0.13900375366210938
0.004558086395263672
deeppoly_affine6 6 6
0.449815034866333
0.005151987075805664
deeppoly_affine6 7 6
2.8448450565338135
0.005368947982788086
deeppoly_affine6 8 6
0
0
deeppoly_affine6 9 6
0
0
deeppoly_affine7 1 7
0.05787825584411621
0.003416299819946289
deeppoly_affine7 10 7
0
0
deeppoly_affine7 2 7
0.06099128723144531
0.003676891326904297
deeppoly_affine7 3 7
0.07402682304382324
0.004174470901489258
deeppoly_affine7 4 7
0.0798654556274414
0.004187345504760742
deeppoly_affine7 5 7
0.13319087028503418
0.0043697357177734375
deeppoly_affine7 6 7
0.4226822853088379
0.004826068878173828
deeppoly_affine7 7 7
2.5724804401397705
0.005037069320678711
deeppoly_affine7 8 7
0
0
deeppoly_affine7 9 7
0
0
deeppoly_affine8 1 8
0.06355786323547363
0.003644704818725586
deeppoly_affine8 10 8
0
0
deeppoly_affine8 2 8
0.06230425834655762
0.0036966800689697266
deeppoly_affine8 3 8
0.07214069366455078
0.004642963409423828
deeppoly_affine8 4 8
0.09887886047363281
0.0074231624603271484
deeppoly_affine8 5 8
0.13634133338928223
0.004444122314453125
deeppoly_affine8 6 8
0.44193124771118164
0.00505375862121582
deeppoly_affine8 7 8
2.7204201221466064
0.005288839340209961
deeppoly_affine8 8 8
0
0
deeppoly_affine8 9 8
0
0
deeppoly_affine9 1 9
0.05957674980163574
0.004164695739746094
deeppoly_affine9 10 9
0
0
deeppoly_affine9 2 9
0.06443333625793457
0.003797769546508789
deeppoly_affine9 3 9
0.07200264930725098
0.0042607784271240234
deeppoly_affine9 4 9
0.08415842056274414
0.0043599605560302734
deeppoly_affine9 5 9
0.1392519474029541
0.004815101623535156
deeppoly_affine9 6 9
0.4611783027648926
0.005274057388305664
deeppoly_affine9 7 9
2.668945789337158
0.005131959915161133
deeppoly_affine9 8 9
0
0
deeppoly_affine9 9 9
0
0
deeppoly_maxpool1 1 1
0.03322291374206543
0.014509916305541992
deeppoly_maxpool1 10 1
0.03017139434814453
0.014287233352661133
deeppoly_maxpool1 2 1
0.03174328804016113
0.014672994613647461
deeppoly_maxpool1 3 1
0.03026413917541504
0.014280557632446289
deeppoly_maxpool1 4 1
0.03019571304321289
0.014070272445678711
deeppoly_maxpool1 5 1
0.030324935913085938
0.013931035995483398
deeppoly_maxpool1 6 1
0.030190229415893555
0.014412641525268555
deeppoly_maxpool1 7 1
0.031129837036132812
0.014536619186401367
deeppoly_maxpool1 8 1
0.030222177505493164
0.013803958892822266
deeppoly_maxpool1 9 1
0.030268430709838867
0.013979673385620117
deeppoly_maxpool10 1 10
5.793630599975586
2.581841230392456
deeppoly_maxpool10 10 10
6.029953718185425
2.600084066390991
deeppoly_maxpool10 2 10
6.081078290939331
2.610079050064087
deeppoly_maxpool10 3 10
5.726140737533569
2.590508460998535
deeppoly_maxpool10 4 10
5.646502733230591
2.600250244140625
deeppoly_maxpool10 5 10
6.108348846435547
2.5909526348114014
deeppoly_maxpool10 6 10
5.6335062980651855
2.590799331665039
deeppoly_maxpool10 7 10
5.992243051528931
2.6051113605499268
deeppoly_maxpool10 8 10
5.834257125854492
2.6051595211029053
deeppoly_maxpool10 9 10
5.63397479057312
2.5931084156036377
deeppoly_maxpool2 1 2
0.026819467544555664
0.01614069938659668
deeppoly_maxpool2 10 2
0.026697635650634766
0.016174793243408203
deeppoly_maxpool2 2 2
0.027443885803222656
0.016356945037841797
deeppoly_maxpool2 3 2
0.02655625343322754
0.015527009963989258
deeppoly_maxpool2 4 2
0.027025699615478516
0.01607966423034668
deeppoly_maxpool2 5 2
0.02676558494567871
0.016078948974609375
deeppoly_maxpool2 6 2
0.026856660842895508
0.017365217208862305
deeppoly_maxpool2 7 2
0.02670431137084961
0.01674652099609375
deeppoly_maxpool2 8 2
0.02751326560974121
0.016127824783325195
deeppoly_maxpool2 9 2
0.026586294174194336
0.016106128692626953
deeppoly_maxpool3 1 3
0.03424978256225586
0.020338773727416992
deeppoly_maxpool3 10 3
0.03216361999511719
0.019652366638183594
deeppoly_maxpool3 2 3
0.031882524490356445
0.019932985305786133
deeppoly_maxpool3 3 3
0.03219175338745117
0.019988298416137695
deeppoly_maxpool3 4 3
0.031687021255493164
0.01989269256591797
deeppoly_maxpool3 5 3
0.03254866600036621
0.02009439468383789
deeppoly_maxpool3 6 3
0.032001495361328125
0.02024984359741211
deeppoly_maxpool3 7 3
0.0324397087097168
0.020104646682739258
deeppoly_maxpool3 8 3
0.03160595893859863
0.020164012908935547
deeppoly_maxpool3 9 3
0.03297996520996094
0.02076101303100586
deeppoly_maxpool4 1 4
0.045412540435791016
0.023597002029418945
deeppoly_maxpool4 10 4
0.04476594924926758
0.022835731506347656
deeppoly_maxpool4 2 4
0.044196128845214844
0.023081064224243164
deeppoly_maxpool4 3 4
0.04525423049926758
0.022943735122680664
deeppoly_maxpool4 4 4
0.04469013214111328
0.022296905517578125
deeppoly_maxpool4 5 4
0.04493546485900879
0.022619247436523438
deeppoly_maxpool4 6 4
0.045227766036987305
0.02359938621520996
deeppoly_maxpool4 7 4
0.0452420711517334
0.023162126541137695
deeppoly_maxpool4 8 4
0.04446816444396973
0.02327704429626465
deeppoly_maxpool4 9 4
0.04576420783996582
0.023627281188964844
deeppoly_maxpool5 1 5
0.08115530014038086
0.032559871673583984
deeppoly_maxpool5 10 5
0.08018636703491211
0.030022621154785156
deeppoly_maxpool5 2 5
0.08108687400817871
0.029874324798583984
deeppoly_maxpool5 3 5
0.0777895450592041
0.030173778533935547
deeppoly_maxpool5 4 5
0.07782936096191406
0.030521392822265625
deeppoly_maxpool5 5 5
0.07716989517211914
0.03008127212524414
deeppoly_maxpool5 6 5
0.07794547080993652
0.0293576717376709
deeppoly_maxpool5 7 5
0.07720088958740234
0.029625415802001953
deeppoly_maxpool5 8 5
0.08004593849182129
0.030612468719482422
deeppoly_maxpool5 9 5
0.07736635208129883
0.029794692993164062
deeppoly_maxpool6 1 6
0.16175246238708496
0.05143284797668457
deeppoly_maxpool6 10 6
0.16087055206298828
0.05123162269592285
deeppoly_maxpool6 2 6
0.16158032417297363
0.05142712593078613
deeppoly_maxpool6 3 6
0.16291403770446777
0.05129694938659668
deeppoly_maxpool6 4 6
0.1574251651763916
0.05072903633117676
deeppoly_maxpool6 5 6
0.15854406356811523
0.0514521598815918
deeppoly_maxpool6 6 6
0.1684110164642334
0.051694393157958984
deeppoly_maxpool6 7 6
0.1614093780517578
0.050624847412109375
deeppoly_maxpool6 8 6
0.16100311279296875
0.05139350891113281
deeppoly_maxpool6 9 6
0.16116094589233398
0.05127978324890137
deeppoly_maxpool7 1 7
0.376706600189209
0.06955790519714355
deeppoly_maxpool7 10 7
0.3824014663696289
0.06999707221984863
deeppoly_maxpool7 2 7
0.3851637840270996
0.06917762756347656
deeppoly_maxpool7 3 7
0.387042760848999
0.06996560096740723
deeppoly_maxpool7 4 7
0.37629222869873047
0.0694425106048584
deeppoly_maxpool7 5 7
0.37798190116882324
0.06929564476013184
deeppoly_maxpool7 6 7
0.3827180862426758
0.07001876831054688
deeppoly_maxpool7 7 7
0.40864062309265137
0.06989669799804688
deeppoly_maxpool7 8 7
0.3847486972808838
0.0686790943145752
deeppoly_maxpool7 9 7
0.3840329647064209
0.06987857818603516
deeppoly_maxpool8 1 8
0.9391183853149414
0.21561622619628906
deeppoly_maxpool8 10 8
0.9814927577972412
0.21454143524169922
deeppoly_maxpool8 2 8
0.931643009185791
0.2143392562866211
deeppoly_maxpool8 3 8
0.9433670043945312
0.21517252922058105
deeppoly_maxpool8 4 8
0.9021632671356201
0.21848773956298828
deeppoly_maxpool8 5 8
0.9309945106506348
0.21112346649169922
deeppoly_maxpool8 6 8
0.9306414127349854
0.2140212059020996
deeppoly_maxpool8 7 8
1.0136983394622803
0.21072053909301758
deeppoly_maxpool8 8 8
0.9699375629425049
0.21397614479064941
deeppoly_maxpool8 9 8
0.934260368347168
0.21227526664733887
deeppoly_maxpool9 1 9
2.416259765625
0.5202076435089111
deeppoly_maxpool9 10 9
2.242480993270874
0.5201780796051025
deeppoly_maxpool9 2 9
2.2223103046417236
0.5133144855499268
deeppoly_maxpool9 3 9
2.230416774749756
0.515172004699707
deeppoly_maxpool9 4 9
2.263805866241455
0.5122418403625488
deeppoly_maxpool9 5 9
2.432279109954834
0.521491289138794
deeppoly_maxpool9 6 9
2.3183159828186035
0.5072710514068604
deeppoly_maxpool9 7 9
2.2590813636779785
0.5170917510986328
deeppoly_maxpool9 8 9
2.4420461654663086
0.5208926200866699
deeppoly_maxpool9 9 9
2.234684705734253
0.5169727802276611
deeppoly_relu1 1 1
0.07277417182922363
0.04150128364562988
deeppoly_relu1 10 1
0.07582545280456543
0.04193830490112305
deeppoly_relu1 2 1
0.07329392433166504
0.04097747802734375
deeppoly_relu1 3 1
0.07345008850097656
0.0413823127746582
deeppoly_relu1 4 1
0.07312202453613281
0.04071521759033203
deeppoly_relu1 5 1
0.07290434837341309
0.040791988372802734
deeppoly_relu1 6 1
0.07427453994750977
0.04160451889038086
deeppoly_relu1 7 1
0.07397913932800293
0.041478633880615234
deeppoly_relu1 8 1
0.07326912879943848
0.04093480110168457
deeppoly_relu1 9 1
0.07407927513122559
0.041669607162475586
deeppoly_relu10 1 10
0.07290410995483398
0.04083609580993652
deeppoly_relu10 10 10
0.07249236106872559
0.04015016555786133
deeppoly_relu10 2 10
0.07444214820861816
0.04135942459106445
deeppoly_relu10 3 10
0.07297730445861816
0.04048323631286621
deeppoly_relu10 4 10
0.07333946228027344
0.0420229434967041
deeppoly_relu10 5 10
0.07303690910339355
0.04055953025817871
deeppoly_relu10 6 10
0.08304286003112793
0.04644918441772461
deeppoly_relu10 7 10
0.07163810729980469
0.04053783416748047
deeppoly_relu10 8 10
0.07614779472351074
0.041174888610839844
deeppoly_relu10 9 10
0.07263946533203125
0.04069089889526367
deeppoly_relu2 1 2
0.08110880851745605
0.04619026184082031
deeppoly_relu2 10 2
0.07447099685668945
0.04191255569458008
deeppoly_relu2 2 2
0.07301163673400879
0.040554046630859375
deeppoly_relu2 3 2
0.08826470375061035
0.04869985580444336
deeppoly_relu2 4 2
0.07403302192687988
0.040740013122558594
deeppoly_relu2 5 2
0.0734398365020752
0.04096484184265137
deeppoly_relu2 6 2
0.08058309555053711
0.04196953773498535
deeppoly_relu2 7 2
0.0848076343536377
0.0437009334564209
deeppoly_relu2 8 2
0.07510590553283691
0.043328285217285156
deeppoly_relu2 9 2
0.07368350028991699
0.04138445854187012
deeppoly_relu3 1 3
0.07397866249084473
0.0406336784362793
deeppoly_relu3 10 3
0.07293701171875
0.04087376594543457
deeppoly_relu3 2 3
0.07400274276733398
0.042218685150146484
deeppoly_relu3 3 3
0.07422161102294922
0.04142403602600098
deeppoly_relu3 4 3
0.07320022583007812
0.04140353202819824
deeppoly_relu3 5 3
0.08500027656555176
0.04441976547241211
deeppoly_relu3 6 3
0.07389545440673828
0.04160761833190918
deeppoly_relu3 7 3
0.07587623596191406
0.04194378852844238
deeppoly_relu3 8 3
0.07242107391357422
0.04071831703186035
deeppoly_relu3 9 3
0.07294368743896484
0.04097747802734375
deeppoly_relu4 1 4
0.07257604598999023
0.0408015251159668
deeppoly_relu4 10 4
0.0750894546508789
0.04195356369018555
deeppoly_relu4 2 4
0.07454180717468262
0.0413057804107666
deeppoly_relu4 3 4
0.07250452041625977
0.040494680404663086
deeppoly_relu4 4 4
0.0738534927368164
0.041458845138549805
deeppoly_relu4 5 4
0.08142900466918945
0.04305124282836914
deeppoly_relu4 6 4
0.07216644287109375
0.04099583625793457
deeppoly_relu4 7 4
0.07342386245727539
0.04098916053771973
deeppoly_relu4 8 4
0.07417941093444824
0.04167914390563965
deeppoly_relu4 9 4
0.07644057273864746
0.04139375686645508
deeppoly_relu5 1 5
0.07427239418029785
0.04056692123413086
deeppoly_relu5 10 5
0.07373166084289551
0.04143095016479492
deeppoly_relu5 2 5
0.0722663402557373
0.04044675827026367
deeppoly_relu5 3 5
0.07339882850646973
0.040659189224243164
deeppoly_relu5 4 5
0.07366824150085449
0.04069781303405762
deeppoly_relu5 5 5
0.0752108097076416
0.040917396545410156
deeppoly_relu5 6 5
0.07316207885742188
0.04059267044067383
deeppoly_relu5 7 5
0.07357096672058105
0.04242849349975586
deeppoly_relu5 8 5
0.07455229759216309
0.042081356048583984
deeppoly_relu5 9 5
0.07633447647094727
0.04188942909240723
deeppoly_relu6 1 6
0.0735483169555664
0.040987253189086914
deeppoly_relu6 10 6
0.07400679588317871
0.04200482368469238
deeppoly_relu6 2 6
0.07259607315063477
0.04062223434448242
deeppoly_relu6 3 6
0.07337379455566406
0.04092574119567871
deeppoly_relu6 4 6
0.07355070114135742
0.040920257568359375
deeppoly_relu6 5 6
0.07268190383911133
0.04114103317260742
deeppoly_relu6 6 6
0.07212233543395996
0.04057049751281738
deeppoly_relu6 7 6
0.07253050804138184
0.041187286376953125
deeppoly_relu6 8 6
0.07257771492004395
0.04154038429260254
deeppoly_relu6 9 6
0.0729224681854248
0.041451215744018555
deeppoly_relu7 1 7
0.07368683815002441
0.04064154624938965
deeppoly_relu7 10 7
0.07543563842773438
0.04175567626953125
deeppoly_relu7 2 7
0.07442378997802734
0.041333675384521484
deeppoly_relu7 3 7
0.07294392585754395
0.04051327705383301
deeppoly_relu7 4 7
0.07341456413269043
0.04146575927734375
deeppoly_relu7 5 7
0.07314777374267578
0.04077649116516113
deeppoly_relu7 6 7
0.07249593734741211
0.04062819480895996
deeppoly_relu7 7 7
0.0726480484008789
0.04126429557800293
deeppoly_relu7 8 7
0.07359004020690918
0.04116964340209961
deeppoly_relu7 9 7
0.07209348678588867
0.040064334869384766
deeppoly_relu8 1 8
0.0741889476776123
0.04117918014526367
deeppoly_relu8 10 8
0.07572460174560547
0.04271554946899414
deeppoly_relu8 2 8
0.0739297866821289
0.041388750076293945
deeppoly_relu8 3 8
0.07688570022583008
0.04290008544921875
deeppoly_relu8 4 8
0.07531547546386719
0.042165517807006836
deeppoly_relu8 5 8
0.0727691650390625
0.04074263572692871
deeppoly_relu8 6 8
0.08500385284423828
0.04721236228942871
deeppoly_relu8 7 8
0.08877897262573242
0.047955989837646484
deeppoly_relu8 8 8
0.07761597633361816
0.04273629188537598
deeppoly_relu8 9 8
0.07608246803283691
0.04300117492675781
deeppoly_relu9 1 9
0.07546138763427734
0.04238247871398926
deeppoly_relu9 10 9
0.07297372817993164
0.04132509231567383
deeppoly_relu9 2 9
0.07160711288452148
0.040236711502075195
deeppoly_relu9 3 9
0.07270479202270508
0.04044675827026367
deeppoly_relu9 4 9
0.07349157333374023
0.04077315330505371
deeppoly_relu9 5 9
0.07220149040222168
0.04089474678039551
deeppoly_relu9 6 9
0.07268667221069336
0.04040074348449707
deeppoly_relu9 7 9
0.07268714904785156
0.040612220764160156
deeppoly_relu9 8 9
0.0735936164855957
0.041021108627319336
deeppoly_relu9 9 9
0.07313060760498047
0.0416560173034668
fb_affine1 1 1
0.022002220153808594
0.005838155746459961
fb_affine1 10 1
0.9762611389160156
0.00616908073425293
fb_affine1 2 1
0.026412248611450195
0.00628352165222168
fb_affine1 3 1
0.02862238883972168
0.005899906158447266
fb_affine1 4 1
0.0372920036315918
0.0058879852294921875
fb_affine1 5 1
0.052869319915771484
0.006006479263305664
fb_affine1 6 1
0.0852346420288086
0.006062030792236328
fb_affine1 7 1
0.14480137825012207
0.00611424446105957
fb_affine1 8 1
0.2886848449707031
0.006593942642211914
fb_affine1 9 1
0.5089154243469238
0.0061168670654296875
fb_affine10 1 10
0.053545236587524414
0.006700754165649414
fb_affine10 10 10
2.456019163131714
0.007382631301879883
fb_affine10 2 10
0.08162307739257812
0.007101774215698242
fb_affine10 3 10
0.11677122116088867
0.0065801143646240234
fb_affine10 4 10
0.20083856582641602
0.006785154342651367
fb_affine10 5 10
0.3623485565185547
0.007052898406982422
fb_affine10 6 10
0.6656439304351807
0.0069370269775390625
fb_affine10 7 10
1.2830989360809326
0.0071125030517578125
fb_affine10 8 10
2.4320621490478516
0.007284879684448242
fb_affine10 9 10
2.419677257537842
0.007333040237426758
fb_affine2 1 2
0.024980783462524414
0.005877017974853516
fb_affine2 10 2
1.9081192016601562
0.006348371505737305
fb_affine2 2 2
0.030244112014770508
0.006064653396606445
fb_affine2 3 2
0.041769981384277344
0.006427288055419922
fb_affine2 4 2
0.05585646629333496
0.006086111068725586
fb_affine2 5 2
0.0861973762512207
0.006059169769287109
fb_affine2 6 2
0.14685702323913574
0.006129026412963867
fb_affine2 7 2
0.2667241096496582
0.006251811981201172
fb_affine2 8 2
0.5023524761199951
0.006163597106933594
fb_affine2 9 2
0.9972326755523682
0.0062084197998046875
fb_affine3 1 3
0.028234004974365234
0.0059511661529541016
fb_affine3 10 3
2.4291632175445557
0.006528377532958984
fb_affine3 2 3
0.03496861457824707
0.0061185359954833984
fb_affine3 3 3
0.047780752182006836
0.006049156188964844
fb_affine3 4 3
0.07108402252197266
0.006164073944091797
fb_affine3 5 3
0.12031388282775879
0.006326198577880859
fb_affine3 6 3
0.22858643531799316
0.006796836853027344
fb_affine3 7 3
0.39031171798706055
0.006323337554931641
fb_affine3 8 3
0.7517776489257812
0.006384372711181641
fb_affine3 9 3
1.4811372756958008
0.00649571418762207
fb_affine4 1 4
0.03163909912109375
0.006145954132080078
fb_affine4 10 4
2.379293918609619
0.006607532501220703
fb_affine4 2 4
0.040433406829833984
0.006199359893798828
fb_affine4 3 4
0.05780649185180664
0.006191730499267578
fb_affine4 4 4
0.09159207344055176
0.006313323974609375
fb_affine4 5 4
0.1638500690460205
0.006853342056274414
fb_affine4 6 4
0.27265071868896484
0.006419181823730469
fb_affine4 7 4
0.516244649887085
0.006356000900268555
fb_affine4 8 4
1.010138750076294
0.006458282470703125
fb_affine4 9 4
1.9610531330108643
0.006458282470703125
fb_affine5 1 5
0.03507852554321289
0.006160259246826172
fb_affine5 10 5
2.4015445709228516
0.006845951080322266
fb_affine5 2 5
0.04744434356689453
0.006337404251098633
fb_affine5 3 5
0.07022905349731445
0.0064275264739990234
fb_affine5 4 5
0.10859990119934082
0.00642704963684082
fb_affine5 5 5
0.1878659725189209
0.006429910659790039
fb_affine5 6 5
0.3490931987762451
0.006642341613769531
fb_affine5 7 5
0.6420121192932129
0.006537437438964844
fb_affine5 8 5
1.2702867984771729
0.006845951080322266
fb_affine5 9 5
2.382420778274536
0.0067560672760009766
fb_affine6 1 6
0.03954720497131348
0.006270885467529297
fb_affine6 10 6
2.3677406311035156
0.006803035736083984
fb_affine6 2 6
0.05312633514404297
0.00638127326965332
fb_affine6 3 6
0.08405470848083496
0.00690913200378418
fb_affine6 4 6
0.12489581108093262
0.006458759307861328
fb_affine6 5 6
0.2157142162322998
0.00650477409362793
fb_affine6 6 6
0.3983445167541504
0.0064697265625
fb_affine6 7 6
0.7486214637756348
0.0065648555755615234
fb_affine6 8 6
1.5489113330841064
0.006814479827880859
fb_affine6 9 6
2.4328455924987793
0.0067517757415771484
fb_affine7 1 7
0.04182147979736328
0.006422281265258789
fb_affine7 10 7
2.453317165374756
0.007004499435424805
fb_affine7 2 7
0.05861973762512207
0.006396293640136719
fb_affine7 3 7
0.09515905380249023
0.006829977035522461
fb_affine7 4 7
0.14275670051574707
0.006562948226928711
fb_affine7 5 7
0.25119733810424805
0.006529569625854492
fb_affine7 6 7
0.47954607009887695
0.006730556488037109
fb_affine7 7 7
0.921250581741333
0.006850242614746094
fb_affine7 8 7
1.7252247333526611
0.006859540939331055
fb_affine7 9 7
2.43487286567688
0.0070590972900390625
fb_affine8 1 8
0.04546761512756348
0.00643467903137207
fb_affine8 10 8
2.381552219390869
0.0070416927337646484
fb_affine8 2 8
0.06265425682067871
0.006432771682739258
fb_affine8 3 8
0.09749484062194824
0.006661176681518555
fb_affine8 4 8
0.1752634048461914
0.007213592529296875
fb_affine8 5 8
0.2874257564544678
0.006585359573364258
fb_affine8 6 8
0.5742175579071045
0.007084846496582031
fb_affine8 7 8
1.0231826305389404
0.0067555904388427734
fb_affine8 8 8
1.9671359062194824
0.0068433284759521484
fb_affine8 9 8
2.4470362663269043
0.0069959163665771484
fb_affine9 1 9
0.050115108489990234
0.0064258575439453125
fb_affine9 10 9
2.3965492248535156
0.007233381271362305
fb_affine9 2 9
0.07043313980102539
0.006540060043334961
fb_affine9 3 9
0.10859537124633789
0.0066683292388916016
fb_affine9 4 9
0.17546868324279785
0.006657600402832031
fb_affine9 5 9
0.34575772285461426
0.007206916809082031
fb_affine9 6 9
0.5812687873840332
0.006861209869384766
fb_affine9 7 9
1.1674468517303467
0.006998777389526367
fb_affine9 8 9
2.233553409576416
0.00705409049987793
fb_affine9 9 9
2.481757879257202
0.007117033004760742
fb_maxpool1 1 1
0.02503180503845215
0.015671968460083008
fb_maxpool1 10 1
0.02538323402404785
0.015027284622192383
fb_maxpool1 2 1
0.026178598403930664
0.01585221290588379
fb_maxpool1 3 1
0.024858951568603516
0.015221357345581055
fb_maxpool1 4 1
0.025032758712768555
0.015705108642578125
fb_maxpool1 5 1
0.025239229202270508
0.015665292739868164
fb_maxpool1 6 1
0.024899721145629883
0.015457630157470703
fb_maxpool1 7 1
0.025032997131347656
0.015035867691040039
fb_maxpool1 8 1
0.025252819061279297
0.015531301498413086
fb_maxpool1 9 1
0.02482771873474121
0.015453100204467773
fb_maxpool10 1 10
0.04205179214477539
0.093536376953125
fb_maxpool10 10 10
0.0406496524810791
0.09282350540161133
fb_maxpool10 2 10
0.04097151756286621
0.09249997138977051
fb_maxpool10 3 10
0.04102349281311035
0.09441447257995605
fb_maxpool10 4 10
0.04217672348022461
0.09254002571105957
fb_maxpool10 5 10
0.04121088981628418
0.09508919715881348
fb_maxpool10 6 10
0.04084658622741699
0.0928945541381836
fb_maxpool10 7 10
0.04199695587158203
0.09499120712280273
fb_maxpool10 8 10
0.04088258743286133
0.09235882759094238
fb_maxpool10 9 10
0.041248321533203125
0.09302020072937012
fb_maxpool2 1 2
0.026083946228027344
0.015488386154174805
fb_maxpool2 10 2
0.026241779327392578
0.015530824661254883
fb_maxpool2 2 2
0.026790618896484375
0.01554417610168457
fb_maxpool2 3 2
0.02610921859741211
0.01585245132446289
fb_maxpool2 4 2
0.026228666305541992
0.014953851699829102
fb_maxpool2 5 2
0.026407718658447266
0.016098499298095703
fb_maxpool2 6 2
0.02637767791748047
0.0158236026763916
fb_maxpool2 7 2
0.026054859161376953
0.015796184539794922
fb_maxpool2 8 2
0.026151657104492188
0.015610218048095703
fb_maxpool2 9 2
0.026285886764526367
0.015877723693847656
fb_maxpool3 1 3
0.0281369686126709
0.016900062561035156
fb_maxpool3 10 3
0.027667999267578125
0.01624131202697754
fb_maxpool3 2 3
0.027812957763671875
0.016934871673583984
fb_maxpool3 3 3
0.02770090103149414
0.01730966567993164
fb_maxpool3 4 3
0.028104543685913086
0.01696157455444336
fb_maxpool3 5 3
0.029900789260864258
0.017232894897460938
fb_maxpool3 6 3
0.028216838836669922
0.016608476638793945
fb_maxpool3 7 3
0.029567718505859375
0.016743898391723633
fb_maxpool3 8 3
0.02767181396484375
0.016300678253173828
fb_maxpool3 9 3
0.02780294418334961
0.016625404357910156
fb_maxpool4 1 4
0.029689550399780273
0.016826868057250977
fb_maxpool4 10 4
0.030261993408203125
0.017168760299682617
fb_maxpool4 2 4
0.028737783432006836
0.017117738723754883
fb_maxpool4 3 4
0.03002166748046875
0.0169069766998291
fb_maxpool4 4 4
0.029541015625
0.018602848052978516
fb_maxpool4 5 4
0.031013965606689453
0.017534971237182617
fb_maxpool4 6 4
0.02965402603149414
0.018984317779541016
fb_maxpool4 7 4
0.02885127067565918
0.016891956329345703
fb_maxpool4 8 4
0.029073715209960938
0.01678752899169922
fb_maxpool4 9 4
0.02924656867980957
0.017473936080932617
fb_maxpool5 1 5
0.030887365341186523
0.01787543296813965
fb_maxpool5 10 5
0.03155970573425293
0.018367290496826172
fb_maxpool5 2 5
0.031014442443847656
0.01820540428161621
fb_maxpool5 3 5
0.030683517456054688
0.017991304397583008
fb_maxpool5 4 5
0.032837867736816406
0.018702268600463867
fb_maxpool5 5 5
0.032797813415527344
0.018825531005859375
fb_maxpool5 6 5
0.032454490661621094
0.01831221580505371
fb_maxpool5 7 5
0.030535221099853516
0.018012046813964844
fb_maxpool5 8 5
0.030694961547851562
0.018527507781982422
fb_maxpool5 9 5
0.03147244453430176
0.018361568450927734
fb_maxpool6 1 6
0.03339743614196777
0.020621776580810547
fb_maxpool6 10 6
0.03252768516540527
0.02025890350341797
fb_maxpool6 2 6
0.032659053802490234
0.01991868019104004
fb_maxpool6 3 6
0.03405499458312988
0.02230095863342285
fb_maxpool6 4 6
0.03338336944580078
0.020513534545898438
fb_maxpool6 5 6
0.03220248222351074
0.019977807998657227
fb_maxpool6 6 6
0.03332042694091797
0.020286083221435547
fb_maxpool6 7 6
0.0333714485168457
0.020228147506713867
fb_maxpool6 8 6
0.03265953063964844
0.020686626434326172
fb_maxpool6 9 6
0.0322718620300293
0.020180463790893555
fb_maxpool7 1 7
0.036814212799072266
0.024043560028076172
fb_maxpool7 10 7
0.03682875633239746
0.023975133895874023
fb_maxpool7 2 7
0.035067081451416016
0.02374267578125
fb_maxpool7 3 7
0.03453660011291504
0.023607492446899414
fb_maxpool7 4 7
0.0359799861907959
0.024042367935180664
fb_maxpool7 5 7
0.03629636764526367
0.0235745906829834
fb_maxpool7 6 7
0.03672671318054199
0.023817062377929688
fb_maxpool7 7 7
0.03660845756530762
0.025013208389282227
fb_maxpool7 8 7
0.03570699691772461
0.023226022720336914
fb_maxpool7 9 7
0.03433823585510254
0.02363109588623047
fb_maxpool8 1 8
0.037354230880737305
0.029923677444458008
fb_maxpool8 10 8
0.03622889518737793
0.03046441078186035
fb_maxpool8 2 8
0.037308454513549805
0.030353546142578125
fb_maxpool8 3 8
0.03667306900024414
0.03141069412231445
fb_maxpool8 4 8
0.036673545837402344
0.030198335647583008
fb_maxpool8 5 8
0.036406517028808594
0.029510974884033203
fb_maxpool8 6 8
0.03659176826477051
0.030437469482421875
fb_maxpool8 7 8
0.0374755859375
0.030927181243896484
fb_maxpool8 8 8
0.0364985466003418
0.029976844787597656
fb_maxpool8 9 8
0.036234140396118164
0.02965569496154785
fb_maxpool9 1 9
0.03876352310180664
0.045264482498168945
fb_maxpool9 10 9
0.03878450393676758
0.0457453727722168
fb_maxpool9 2 9
0.03999662399291992
0.04607200622558594
fb_maxpool9 3 9
0.038697004318237305
0.045916080474853516
fb_maxpool9 4 9
0.03917121887207031
0.0449676513671875
fb_maxpool9 5 9
0.03865170478820801
0.04541826248168945
fb_maxpool9 6 9
0.03877973556518555
0.044768333435058594
fb_maxpool9 7 9
0.03811979293823242
0.04536557197570801
fb_maxpool9 8 9
0.03889942169189453
0.04477691650390625
fb_maxpool9 9 9
0.038756608963012695
0.0455169677734375
fb_relu1 1 1
0.01310586929321289
0.00816798210144043
fb_relu1 10 1
0.012969255447387695
0.008398294448852539
fb_relu1 2 1
0.013036012649536133
0.008357048034667969
fb_relu1 3 1
0.013062715530395508
0.00872182846069336
fb_relu1 4 1
0.013998031616210938
0.008935928344726562
fb_relu1 5 1
0.014062643051147461
0.007959604263305664
fb_relu1 6 1
0.013158321380615234
0.008493900299072266
fb_relu1 7 1
0.012971162796020508
0.008389472961425781
fb_relu1 8 1
0.013078927993774414
0.008648872375488281
fb_relu1 9 1
0.012998580932617188
0.008400440216064453
fb_relu10 1 10
0.019777297973632812
0.008712530136108398
fb_relu10 10 10
0.021663427352905273
0.009992122650146484
fb_relu10 2 10
0.019911766052246094
0.009199380874633789
fb_relu10 3 10
0.019835710525512695
0.00919485092163086
fb_relu10 4 10
0.019820213317871094
0.009176492691040039
fb_relu10 5 10
0.01990342140197754
0.009141206741333008
fb_relu10 6 10
0.019875764846801758
0.008831262588500977
fb_relu10 7 10
0.019745826721191406
0.009299516677856445
fb_relu10 8 10
0.019735097885131836
0.009351491928100586
fb_relu10 9 10
0.021512746810913086
0.009278059005737305
fb_relu2 1 2
0.013797283172607422
0.008302688598632812
fb_relu2 10 2
0.013845682144165039
0.00867605209350586
fb_relu2 2 2
0.014009475708007812
0.007991552352905273
fb_relu2 3 2
0.013704776763916016
0.007955312728881836
fb_relu2 4 2
0.013799905776977539
0.008516311645507812
fb_relu2 5 2
0.013808965682983398
0.008272647857666016
fb_relu2 6 2
0.01372981071472168
0.007961034774780273
fb_relu2 7 2
0.013732194900512695
0.008536815643310547
fb_relu2 8 2
0.013675689697265625
0.008327484130859375
fb_relu2 9 2
0.013820171356201172
0.008148193359375
fb_relu3 1 3
0.014672517776489258
0.008796453475952148
fb_relu3 10 3
0.014575719833374023
0.00911712646484375
fb_relu3 2 3
0.014565229415893555
0.008440494537353516
fb_relu3 3 3
0.014783143997192383
0.008475542068481445
fb_relu3 4 3
0.014586448669433594
0.008687496185302734
fb_relu3 5 3
0.014551639556884766
0.008949041366577148
fb_relu3 6 3
0.01445150375366211
0.008463382720947266
fb_relu3 7 3
0.014547109603881836
0.008453369140625
fb_relu3 8 3
0.0146331787109375
0.00867772102355957
fb_relu3 9 3
0.01452326774597168
0.008697509765625
fb_relu4 1 4
0.015386581420898438
0.008404731750488281
fb_relu4 10 4
0.015373706817626953
0.00812840461730957
fb_relu4 2 4
0.015263795852661133
0.008826971054077148
fb_relu4 3 4
0.015455961227416992
0.008680105209350586
fb_relu4 4 4
0.015335321426391602
0.008584022521972656
fb_relu4 5 4
0.015195131301879883
0.00833582878112793
fb_relu4 6 4
0.01539468765258789
0.00858759880065918
fb_relu4 7 4
0.015384435653686523
0.009080886840820312
fb_relu4 8 4
0.015207052230834961
0.008359432220458984
fb_relu4 9 4
0.01522064208984375
0.008388519287109375
fb_relu5 1 5
0.01620197296142578
0.008689165115356445
fb_relu5 10 5
0.016192197799682617
0.00858926773071289
fb_relu5 2 5
0.016150236129760742
0.008618831634521484
fb_relu5 3 5
0.01612234115600586
0.008661270141601562
fb_relu5 4 5
0.016017675399780273
0.008464574813842773
fb_relu5 5 5
0.015941619873046875
0.008335351943969727
fb_relu5 6 5
0.01613926887512207
0.008652687072753906
fb_relu5 7 5
0.016312360763549805
0.008715391159057617
fb_relu5 8 5
0.016206979751586914
0.008803844451904297
fb_relu5 9 5
0.01623678207397461
0.008716583251953125
fb_relu6 1 6
0.016965389251708984
0.008787155151367188
fb_relu6 10 6
0.01732945442199707
0.009380817413330078
fb_relu6 2 6
0.01695728302001953
0.008385658264160156
fb_relu6 3 6
0.01683950424194336
0.008766889572143555
fb_relu6 4 6
0.016803503036499023
0.009001016616821289
fb_relu6 5 6
0.01687312126159668
0.009007930755615234
fb_relu6 6 6
0.016710519790649414
0.008655786514282227
fb_relu6 7 6
0.01693439483642578
0.009024620056152344
fb_relu6 8 6
0.016835451126098633
0.008597135543823242
fb_relu6 9 6
0.016716480255126953
0.008870363235473633
fb_relu7 1 7
0.018853187561035156
0.009217500686645508
fb_relu7 10 7
0.017731189727783203
0.008691549301147461
fb_relu7 2 7
0.01754283905029297
0.009289979934692383
fb_relu7 3 7
0.01898193359375
0.00924825668334961
fb_relu7 4 7
0.01756429672241211
0.009199380874633789
fb_relu7 5 7
0.019076108932495117
0.009485721588134766
fb_relu7 6 7
0.01738762855529785
0.008562803268432617
fb_relu7 7 7
0.01776289939880371
0.009108304977416992
fb_relu7 8 7
0.01758885383605957
0.008536577224731445
fb_relu7 9 7
0.01752448081970215
0.008723735809326172
fb_relu8 1 8
0.019920825958251953
0.009201526641845703
fb_relu8 10 8
0.018316268920898438
0.008393049240112305
fb_relu8 2 8
0.018570661544799805
0.008908987045288086
fb_relu8 3 8
0.01975870132446289
0.009552955627441406
fb_relu8 4 8
0.020179033279418945
0.009163379669189453
fb_relu8 5 8
0.0198361873626709
0.00923919677734375
fb_relu8 6 8
0.018304824829101562
0.00872349739074707
fb_relu8 7 8
0.01854848861694336
0.008946418762207031
fb_relu8 8 8
0.019794225692749023
0.009384393692016602
fb_relu8 9 8
0.018360137939453125
0.009350776672363281
fb_relu9 1 9
0.02068614959716797
0.009587287902832031
fb_relu9 10 9
0.019130468368530273
0.008998394012451172
fb_relu9 2 9
0.019156455993652344
0.009679555892944336
fb_relu9 3 9
0.020613431930541992
0.008847951889038086
fb_relu9 4 9
0.0207059383392334
0.009170293807983398
fb_relu9 5 9
0.021389007568359375
0.009334325790405273
fb_relu9 6 9
0.020622968673706055
0.00912928581237793
fb_relu9 7 9
0.018996000289916992
0.009284257888793945
fb_relu9 8 9
0.019442319869995117
0.009123086929321289
fb_relu9 9 9
0.019083023071289062
0.008752107620239258
ibp_affine1 1 1
0.013636350631713867
0.003431081771850586
ibp_affine1 10 1
0.013015985488891602
0.0032219886779785156
ibp_affine1 2 1
0.012758255004882812
0.003208637237548828
ibp_affine1 3 1
0.01269078254699707
0.0032296180725097656
ibp_affine1 4 1
0.012685775756835938
0.003231048583984375
ibp_affine1 5 1
0.012989521026611328
0.0032501220703125
ibp_affine1 6 1
0.013741254806518555
0.0034525394439697266
ibp_affine1 7 1
0.013109683990478516
0.003319263458251953
ibp_affine1 8 1
0.012689828872680664
0.003246784210205078
ibp_affine1 9 1
0.012676715850830078
0.003208637237548828
ibp_affine10 1 10
0.10581564903259277
0.004138469696044922
ibp_affine10 10 10
0.10905075073242188
0.0042574405670166016
ibp_affine10 2 10
0.11347365379333496
0.004479408264160156
ibp_affine10 3 10
0.11084413528442383
0.004347085952758789
ibp_affine10 4 10
0.10588335990905762
0.004145622253417969
ibp_affine10 5 10
0.10412216186523438
0.004157543182373047
ibp_affine10 6 10
0.10480809211730957
0.004145383834838867
ibp_affine10 7 10
0.10463309288024902
0.004145622253417969
ibp_affine10 8 10
0.11591339111328125
0.004471302032470703
ibp_affine10 9 10
0.11737394332885742
0.004511833190917969
ibp_affine2 1 2
0.013854742050170898
0.0033767223358154297
ibp_affine2 10 2
0.014495611190795898
0.0035114288330078125
ibp_affine2 2 2
0.014501333236694336
0.0035376548767089844
ibp_affine2 3 2
0.013493537902832031
0.003346681594848633
ibp_affine2 4 2
0.013506650924682617
0.0033257007598876953
ibp_affine2 5 2
0.013811588287353516
0.003376483917236328
ibp_affine2 6 2
0.013524532318115234
0.0033321380615234375
ibp_affine2 7 2
0.013470888137817383
0.003311634063720703
ibp_affine2 8 2
0.01371908187866211
0.003384828567504883
ibp_affine2 9 2
0.013825178146362305
0.003348112106323242
ibp_affine3 1 3
0.014458179473876953
0.003477334976196289
ibp_affine3 10 3
0.014383077621459961
0.0034677982330322266
ibp_affine3 2 3
0.015616893768310547
0.0037221908569335938
ibp_affine3 3 3
0.01564812660217285
0.003661632537841797
ibp_affine3 4 3
0.01563715934753418
0.003700733184814453
ibp_affine3 5 3
0.014492273330688477
0.0034482479095458984
ibp_affine3 6 3
0.014417648315429688
0.0035152435302734375
ibp_affine3 7 3
0.014741659164428711
0.0035037994384765625
ibp_affine3 8 3
0.014516592025756836
0.0034592151641845703
ibp_affine3 9 3
0.014753103256225586
0.003508329391479492
ibp_affine4 1 4
0.01624584197998047
0.003576517105102539
ibp_affine4 10 4
0.01614689826965332
0.003610372543334961
ibp_affine4 2 4
0.015573978424072266
0.003561735153198242
ibp_affine4 3 4
0.01710653305053711
0.0037903785705566406
ibp_affine4 4 4
0.015727519989013672
0.003564119338989258
ibp_affine4 5 4
0.015822410583496094
0.0035858154296875
ibp_affine4 6 4
0.015796661376953125
0.0035583972930908203
ibp_affine4 7 4
0.015637874603271484
0.003603219985961914
ibp_affine4 8 4
0.015639066696166992
0.0035810470581054688
ibp_affine4 9 4
0.015760183334350586
0.0035371780395507812
ibp_affine5 1 5
0.01790904998779297
0.0036683082580566406
ibp_affine5 10 5
0.018326759338378906
0.0037653446197509766
ibp_affine5 2 5
0.017949342727661133
0.0036039352416992188
ibp_affine5 3 5
0.0194549560546875
0.003888368606567383
ibp_affine5 4 5
0.017571687698364258
0.0036666393280029297
ibp_affine5 5 5
0.017797231674194336
0.003651142120361328
ibp_affine5 6 5
0.017681598663330078
0.0036089420318603516
ibp_affine5 7 5
0.018007755279541016
0.0036585330963134766
ibp_affine5 8 5
0.017722606658935547
0.0036487579345703125
ibp_affine5 9 5
0.0183103084564209
0.0037381649017333984
ibp_affine6 1 6
0.02104020118713379
0.0037102699279785156
ibp_affine6 10 6
0.021264076232910156
0.003732919692993164
ibp_affine6 2 6
0.02175426483154297
0.0038018226623535156
ibp_affine6 3 6
0.021751880645751953
0.0038919448852539062
ibp_affine6 4 6
0.021032333374023438
0.0037069320678710938
ibp_affine6 5 6
0.021086931228637695
0.003757953643798828
ibp_affine6 6 6
0.021069765090942383
0.003686666488647461
ibp_affine6 7 6
0.021184682846069336
0.0037775039672851562
ibp_affine6 8 6
0.021403789520263672
0.0036950111389160156
ibp_affine6 9 6
0.021489858627319336
0.0037004947662353516
ibp_affine7 1 7
0.02840709686279297
0.003858327865600586
ibp_affine7 10 7
0.028400182723999023
0.0039293766021728516
ibp_affine7 2 7
0.029759883880615234
0.004111766815185547
ibp_affine7 3 7
0.027367115020751953
0.003787517547607422
ibp_affine7 4 7
0.027313232421875
0.0037860870361328125
ibp_affine7 5 7
0.02804875373840332
0.0038480758666992188
ibp_affine7 6 7
0.029752492904663086
0.00407099723815918
ibp_affine7 7 7
0.027175188064575195
0.0038404464721679688
ibp_affine7 8 7
0.028392791748046875
0.003887176513671875
ibp_affine7 9 7
0.029880762100219727
0.004103660583496094
ibp_affine8 1 8
0.0384364128112793
0.003927946090698242
ibp_affine8 10 8
0.0389246940612793
0.0039560794830322266
ibp_affine8 2 8
0.03886270523071289
0.00393986701965332
ibp_affine8 3 8
0.03827190399169922
0.003948688507080078
ibp_affine8 4 8
0.03842878341674805
0.003873109817504883
ibp_affine8 5 8
0.03809356689453125
0.003976583480834961
ibp_affine8 6 8
0.040341854095458984
0.004011869430541992
ibp_affine8 7 8
0.03941655158996582
0.00396728515625
ibp_affine8 8 8
0.042432546615600586
0.004275321960449219
ibp_affine8 9 8
0.03897500038146973
0.003918647766113281
ibp_affine9 1 9
0.05973076820373535
0.004078865051269531
ibp_affine9 10 9
0.06727743148803711
0.0043964385986328125
ibp_affine9 2 9
0.06193733215332031
0.004136562347412109
ibp_affine9 3 9
0.06229400634765625
0.004118919372558594
ibp_affine9 4 9
0.06576323509216309
0.004347324371337891
ibp_affine9 5 9
0.0622410774230957
0.004057168960571289
ibp_affine9 6 9
0.06185770034790039
0.00409245491027832
ibp_affine9 7 9
0.06331229209899902
0.004158973693847656
ibp_affine9 8 9
0.06079745292663574
0.0040454864501953125
ibp_affine9 9 9
0.06397128105163574
0.004160404205322266
ibp_maxpool1 1 1
0.012212991714477539
0.0077724456787109375
ibp_maxpool1 10 1
0.012272357940673828
0.0076634883880615234
ibp_maxpool1 2 1
0.011878490447998047
0.008391857147216797
ibp_maxpool1 3 1
0.011941194534301758
0.008033275604248047
ibp_maxpool1 4 1
0.01274251937866211
0.008375883102416992
ibp_maxpool1 5 1
0.012791156768798828
0.007756471633911133
ibp_maxpool1 6 1
0.012200593948364258
0.008012771606445312
ibp_maxpool1 7 1
0.012847423553466797
0.007605075836181641
ibp_maxpool1 8 1
0.01192331314086914
0.007982254028320312
ibp_maxpool1 9 1
0.012771129608154297
0.008166313171386719
ibp_maxpool10 1 10
0.025833606719970703
0.01081085205078125
ibp_maxpool10 10 10
0.025263547897338867
0.01103830337524414
ibp_maxpool10 2 10
0.024779319763183594
0.011229276657104492
ibp_maxpool10 3 10
0.02505350112915039
0.011030435562133789
ibp_maxpool10 4 10
0.02710247039794922
0.011363983154296875
ibp_maxpool10 5 10
0.025196313858032227
0.011092185974121094
ibp_maxpool10 6 10
0.025624990463256836
0.011009693145751953
ibp_maxpool10 7 10
0.024991273880004883
0.011107444763183594
ibp_maxpool10 8 10
0.026007890701293945
0.010857105255126953
ibp_maxpool10 9 10
0.025166988372802734
0.010988235473632812
ibp_maxpool2 1 2
0.012577533721923828
0.00833272933959961
ibp_maxpool2 10 2
0.012535572052001953
0.008054971694946289
ibp_maxpool2 2 2
0.012559652328491211
0.008212089538574219
ibp_maxpool2 3 2
0.012919425964355469
0.00815582275390625
ibp_maxpool2 4 2
0.012835264205932617
0.00902557373046875
ibp_maxpool2 5 2
0.012636899948120117
0.008209466934204102
ibp_maxpool2 6 2
0.01285696029663086
0.008289337158203125
ibp_maxpool2 7 2
0.012607097625732422
0.008224010467529297
ibp_maxpool2 8 2
0.01254415512084961
0.007840633392333984
ibp_maxpool2 9 2
0.01341700553894043
0.00852060317993164
ibp_maxpool3 1 3
0.01437067985534668
0.00908207893371582
ibp_maxpool3 10 3
0.013397693634033203
0.008881092071533203
ibp_maxpool3 2 3
0.0146331787109375
0.008674144744873047
ibp_maxpool3 3 3
0.013700485229492188
0.008325815200805664
ibp_maxpool3 4 3
0.014450311660766602
0.008597612380981445
ibp_maxpool3 5 3
0.014389514923095703
0.008597135543823242
ibp_maxpool3 6 3
0.013399600982666016
0.008513927459716797
ibp_maxpool3 7 3
0.014319181442260742
0.008864402770996094
ibp_maxpool3 8 3
0.013799905776977539
0.00824427604675293
ibp_maxpool3 9 3
0.013371944427490234
0.008159160614013672
ibp_maxpool4 1 4
0.014408111572265625
0.008588790893554688
ibp_maxpool4 10 4
0.014385461807250977
0.008543968200683594
ibp_maxpool4 2 4
0.014495134353637695
0.00854182243347168
ibp_maxpool4 3 4
0.014399528503417969
0.008285045623779297
ibp_maxpool4 4 4
0.014700889587402344
0.008819103240966797
ibp_maxpool4 5 4
0.014390707015991211
0.008337974548339844
ibp_maxpool4 6 4
0.014557123184204102
0.008698463439941406
ibp_maxpool4 7 4
0.015480995178222656
0.00872182846069336
ibp_maxpool4 8 4
0.015435218811035156
0.008465766906738281
ibp_maxpool4 9 4
0.014805078506469727
0.009081363677978516
ibp_maxpool5 1 5
0.016086816787719727
0.008916139602661133
ibp_maxpool5 10 5
0.015635013580322266
0.008980274200439453
ibp_maxpool5 2 5
0.015598773956298828
0.008745431900024414
ibp_maxpool5 3 5
0.016005992889404297
0.008846759796142578
ibp_maxpool5 4 5
0.016095399856567383
0.009114265441894531
ibp_maxpool5 5 5
0.01576066017150879
0.009296178817749023
ibp_maxpool5 6 5
0.015720605850219727
0.008806467056274414
ibp_maxpool5 7 5
0.0156557559967041
0.00890493392944336
ibp_maxpool5 8 5
0.0157010555267334
0.008426189422607422
ibp_maxpool5 9 5
0.016823530197143555
0.009086132049560547
ibp_maxpool6 1 6
0.01706385612487793
0.009529829025268555
ibp_maxpool6 10 6
0.018303632736206055
0.009414434432983398
ibp_maxpool6 2 6
0.018383264541625977
0.009026765823364258
ibp_maxpool6 3 6
0.01729869842529297
0.00919795036315918
ibp_maxpool6 4 6
0.017055749893188477
0.009183883666992188
ibp_maxpool6 5 6
0.01840972900390625
0.009801864624023438
ibp_maxpool6 6 6
0.018509387969970703
0.009742498397827148
ibp_maxpool6 7 6
0.018590927124023438
0.009354829788208008
ibp_maxpool6 8 6
0.01784372329711914
0.009589433670043945
ibp_maxpool6 9 6
0.016898632049560547
0.009302616119384766
ibp_maxpool7 1 7
0.020299196243286133
0.009896993637084961
ibp_maxpool7 10 7
0.018779993057250977
0.009746789932250977
ibp_maxpool7 2 7
0.0189664363861084
0.009724140167236328
ibp_maxpool7 3 7
0.019020557403564453
0.009453773498535156
ibp_maxpool7 4 7
0.018712759017944336
0.00970005989074707
ibp_maxpool7 5 7
0.020162343978881836
0.01042485237121582
ibp_maxpool7 6 7
0.018671035766601562
0.009716033935546875
ibp_maxpool7 7 7
0.02016425132751465
0.010025501251220703
ibp_maxpool7 8 7
0.02036905288696289
0.010234355926513672
ibp_maxpool7 9 7
0.018558263778686523
0.009649038314819336
ibp_maxpool8 1 8
0.02146315574645996
0.010178089141845703
ibp_maxpool8 10 8
0.020544767379760742
0.01019740104675293
ibp_maxpool8 2 8
0.020389795303344727
0.009816408157348633
ibp_maxpool8 3 8
0.021235942840576172
0.010364294052124023
ibp_maxpool8 4 8
0.021097660064697266
0.009810686111450195
ibp_maxpool8 5 8
0.022021770477294922
0.009836912155151367
ibp_maxpool8 6 8
0.022520780563354492
0.01042485237121582
ibp_maxpool8 7 8
0.02039170265197754
0.010382413864135742
ibp_maxpool8 8 8
0.020740509033203125
0.010105371475219727
ibp_maxpool8 9 8
0.022524118423461914
0.010262250900268555
ibp_maxpool9 1 9
0.022937536239624023
0.010634422302246094
ibp_maxpool9 10 9
0.02289104461669922
0.010664701461791992
ibp_maxpool9 2 9
0.023070573806762695
0.010956287384033203
ibp_maxpool9 3 9
0.02278590202331543
0.010683298110961914
ibp_maxpool9 4 9
0.023095369338989258
0.011089086532592773
ibp_maxpool9 5 9
0.02384042739868164
0.01029205322265625
ibp_maxpool9 6 9
0.024771690368652344
0.010815620422363281
ibp_maxpool9 7 9
0.022635698318481445
0.010932207107543945
ibp_maxpool9 8 9
0.02283000946044922
0.010950803756713867
ibp_maxpool9 9 9
0.023665666580200195
0.01081395149230957
ibp_relu1 1 1
0.028817176818847656
0.01849818229675293
ibp_relu1 10 1
0.03030562400817871
0.018059730529785156
ibp_relu1 2 1
0.02955174446105957
0.01811504364013672
ibp_relu1 3 1
0.029054641723632812
0.019097328186035156
ibp_relu1 4 1
0.02939915657043457
0.01823282241821289
ibp_relu1 5 1
0.02916431427001953
0.018392562866210938
ibp_relu1 6 1
0.029037952423095703
0.018380165100097656
ibp_relu1 7 1
0.02942943572998047
0.018221616744995117
ibp_relu1 8 1
0.029477357864379883
0.018566608428955078
ibp_relu1 9 1
0.029193639755249023
0.018176794052124023
ibp_relu10 1 10
0.0308535099029541
0.018494606018066406
ibp_relu10 10 10
0.029102802276611328
0.018661022186279297
ibp_relu10 2 10
0.02951216697692871
0.018392562866210938
ibp_relu10 3 10
0.028885364532470703
0.018004179000854492
ibp_relu10 4 10
0.030745506286621094
0.019047975540161133
ibp_relu10 5 10
0.029108285903930664
0.01827239990234375
ibp_relu10 6 10
0.02895665168762207
0.018370866775512695
ibp_relu10 7 10
0.02892136573791504
0.01995706558227539
ibp_relu10 8 10
0.02899336814880371
0.018454313278198242
ibp_relu10 9 10
0.029041528701782227
0.01847362518310547
ibp_relu2 1 2
0.029096364974975586
0.017728567123413086
ibp_relu2 10 2
0.029143095016479492
0.019225597381591797
ibp_relu2 2 2
0.028958797454833984
0.018505096435546875
ibp_relu2 3 2
0.02899789810180664
0.01800537109375
ibp_relu2 4 2
0.030666589736938477
0.018898487091064453
ibp_relu2 5 2
0.030242204666137695
0.01806783676147461
ibp_relu2 6 2
0.02899932861328125
0.018120288848876953
ibp_relu2 7 2
0.02988719940185547
0.017879724502563477
ibp_relu2 8 2
0.029626131057739258
0.018027544021606445
ibp_relu2 9 2
0.02903008460998535
0.018127918243408203
ibp_relu3 1 3
0.0293118953704834
0.019646883010864258
ibp_relu3 10 3
0.028794050216674805
0.017478466033935547
ibp_relu3 2 3
0.02909994125366211
0.017615318298339844
ibp_relu3 3 3
0.02909398078918457
0.018375396728515625
ibp_relu3 4 3
0.03049921989440918
0.018634557723999023
ibp_relu3 5 3
0.031017303466796875
0.018401384353637695
ibp_relu3 6 3
0.02915048599243164
0.01784968376159668
ibp_relu3 7 3
0.02904057502746582
0.017559289932250977
ibp_relu3 8 3
0.029384851455688477
0.017719030380249023
ibp_relu3 9 3
0.029134511947631836
0.018871784210205078
ibp_relu4 1 4
0.029012203216552734
0.018169879913330078
ibp_relu4 10 4
0.02906513214111328
0.019132137298583984
ibp_relu4 2 4
0.029110193252563477
0.017283916473388672
ibp_relu4 3 4
0.030047178268432617
0.01855921745300293
ibp_relu4 4 4
0.030491113662719727
0.020331382751464844
ibp_relu4 5 4
0.029181957244873047
0.018019676208496094
ibp_relu4 6 4
0.029161691665649414
0.017812490463256836
ibp_relu4 7 4
0.02956700325012207
0.018042802810668945
ibp_relu4 8 4
0.02922344207763672
0.017467021942138672
ibp_relu4 9 4
0.02890634536743164
0.017901182174682617
ibp_relu5 1 5
0.02907538414001465
0.018125295639038086
ibp_relu5 10 5
0.028980493545532227
0.017748355865478516
ibp_relu5 2 5
0.029056787490844727
0.018410921096801758
ibp_relu5 3 5
0.029137372970581055
0.018242359161376953
ibp_relu5 4 5
0.029997825622558594
0.01829695701599121
ibp_relu5 5 5
0.029084444046020508
0.018175601959228516
ibp_relu5 6 5
0.02978229522705078
0.01778435707092285
ibp_relu5 7 5
0.03085923194885254
0.0181577205657959
ibp_relu5 8 5
0.03133869171142578
0.018676280975341797
ibp_relu5 9 5
0.030776500701904297
0.018824338912963867
ibp_relu6 1 6
0.029082059860229492
0.01982259750366211
ibp_relu6 10 6
0.029047012329101562
0.018210649490356445
ibp_relu6 2 6
0.0307619571685791
0.021271467208862305
ibp_relu6 3 6
0.0301358699798584
0.0184481143951416
ibp_relu6 4 6
0.029096603393554688
0.017710447311401367
ibp_relu6 5 6
0.029113292694091797
0.017742156982421875
ibp_relu6 6 6
0.029668331146240234
0.017846107482910156
ibp_relu6 7 6
0.030206918716430664
0.018006324768066406
ibp_relu6 8 6
0.029016494750976562
0.018533706665039062
ibp_relu6 9 6
0.0305328369140625
0.01856684684753418
ibp_relu7 1 7
0.029284238815307617
0.017770767211914062
ibp_relu7 10 7
0.030106306076049805
0.020421266555786133
ibp_relu7 2 7
0.029295682907104492
0.01941537857055664
ibp_relu7 3 7
0.029163599014282227
0.017751216888427734
ibp_relu7 4 7
0.029213905334472656
0.01816582679748535
ibp_relu7 5 7
0.030887126922607422
0.01855325698852539
ibp_relu7 6 7
0.029045820236206055
0.01818370819091797
ibp_relu7 7 7
0.029091358184814453
0.01829242706298828
ibp_relu7 8 7
0.02913689613342285
0.018228530883789062
ibp_relu7 9 7
0.028977632522583008
0.01762843132019043
ibp_relu8 1 8
0.029036760330200195
0.01797008514404297
ibp_relu8 10 8
0.029234647750854492
0.018686294555664062
ibp_relu8 2 8
0.02934885025024414
0.018327713012695312
ibp_relu8 3 8
0.02901768684387207
0.0177156925201416
ibp_relu8 4 8
0.029479503631591797
0.018675804138183594
ibp_relu8 5 8
0.029133319854736328
0.01823592185974121
ibp_relu8 6 8
0.029015541076660156
0.0175626277923584
ibp_relu8 7 8
0.029062271118164062
0.018373727798461914
ibp_relu8 8 8
0.029366493225097656
0.018076658248901367
ibp_relu8 9 8
0.029927968978881836
0.018018245697021484
ibp_relu9 1 9
0.028949737548828125
0.01754474639892578
ibp_relu9 10 9
0.02904200553894043
0.018476009368896484
ibp_relu9 2 9
0.029111862182617188
0.018240690231323242
ibp_relu9 3 9
0.02925252914428711
0.01860785484313965
ibp_relu9 4 9
0.029096126556396484
0.018137693405151367
ibp_relu9 5 9
0.029113054275512695
0.018012523651123047
ibp_relu9 6 9
0.02998661994934082
0.018053531646728516
ibp_relu9 7 9
0.028992176055908203
0.01781463623046875
ibp_relu9 8 9
0.030833959579467773
0.018315553665161133
ibp_relu9 9 9
0.029332637786865234
0.018520593643188477
polyzono_affine1 1 1
0.054596662521362305
0.0032520294189453125
polyzono_affine1 10 1
0
0
polyzono_affine1 2 1
0.0580141544342041
0.003464221954345703
polyzono_affine1 3 1
0.06550836563110352
0.0037565231323242188
polyzono_affine1 4 1
0.07858586311340332
0.00394749641418457
polyzono_affine1 5 1
0.1332390308380127
0.0042150020599365234
polyzono_affine1 6 1
0.41142892837524414
0.0045261383056640625
polyzono_affine1 7 1
2.6591086387634277
0.004945278167724609
polyzono_affine1 8 1
0
0
polyzono_affine1 9 1
0
0
polyzono_affine10 1 10
0.06574225425720215
0.0037391185760498047
polyzono_affine10 10 10
0
0
polyzono_affine10 2 10
0.06808114051818848
0.003910541534423828
polyzono_affine10 3 10
0.07342529296875
0.004098653793334961
polyzono_affine10 4 10
0.0886228084564209
0.0043697357177734375
polyzono_affine10 5 10
0.15624260902404785
0.004675149917602539
polyzono_affine10 6 10
0.5307309627532959
0.004973888397216797
polyzono_affine10 7 10
5.6067609786987305
0.0054035186767578125
polyzono_affine10 8 10
0
0
polyzono_affine10 9 10
0
0
polyzono_affine2 1 2
0.05528569221496582
0.0032951831817626953
polyzono_affine2 10 2
0
0
polyzono_affine2 2 2
0.060439348220825195
0.003612995147705078
polyzono_affine2 3 2
0.06486058235168457
0.0038323402404785156
polyzono_affine2 4 2
0.08122396469116211
0.004087924957275391
polyzono_affine2 5 2
0.14264845848083496
0.004366636276245117
polyzono_affine2 6 2
0.43709731101989746
0.004840850830078125
polyzono_affine2 7 2
2.5990805625915527
0.004860877990722656
polyzono_affine2 8 2
0
0
polyzono_affine2 9 2
0
0
polyzono_affine3 1 3
0.05619382858276367
0.0032958984375
polyzono_affine3 10 3
0
0
polyzono_affine3 2 3
0.06004071235656738
0.003522157669067383
polyzono_affine3 3 3
0.06830048561096191
0.003927946090698242
polyzono_affine3 4 3
0.0847787857055664
0.004280805587768555
polyzono_affine3 5 3
0.1376354694366455
0.0043375492095947266
polyzono_affine3 6 3
0.46239757537841797
0.0046880245208740234
polyzono_affine3 7 3
2.671468734741211
0.005114078521728516
polyzono_affine3 8 3
0
0
polyzono_affine3 9 3
0
0
polyzono_affine4 1 4
0.060693979263305664
0.0035643577575683594
polyzono_affine4 10 4
0
0
polyzono_affine4 2 4
0.0615384578704834
0.0036821365356445312
polyzono_affine4 3 4
0.06882166862487793
0.0039632320404052734
polyzono_affine4 4 4
0.08167338371276855
0.004057645797729492
polyzono_affine4 5 4
0.1467454433441162
0.004694938659667969
polyzono_affine4 6 4
0.4303114414215088
0.004741668701171875
polyzono_affine4 7 4
2.580881118774414
0.004981517791748047
polyzono_affine4 8 4
0
0
polyzono_affine4 9 4
0
0
polyzono_affine5 1 5
0.05960965156555176
0.003437042236328125
polyzono_affine5 10 5
0
0
polyzono_affine5 2 5
0.06333184242248535
0.0037474632263183594
polyzono_affine5 3 5
0.07091665267944336
0.004125356674194336
polyzono_affine5 4 5
0.09009623527526855
0.004425048828125
polyzono_affine5 5 5
0.13948631286621094
0.0044324398040771484
polyzono_affine5 6 5
0.45583176612854004
0.004743099212646484
polyzono_affine5 7 5
2.6386594772338867
0.0051190853118896484
polyzono_affine5 8 5
0
0
polyzono_affine5 9 5
0
0
polyzono_affine6 1 6
0.05963587760925293
0.0034224987030029297
polyzono_affine6 10 6
0
0
polyzono_affine6 2 6
0.06301045417785645
0.003682851791381836
polyzono_affine6 3 6
0.06909823417663574
0.00404047966003418
polyzono_affine6 4 6
0.09068918228149414
0.004512310028076172
polyzono_affine6 5 6
0.14125776290893555
0.004497051239013672
polyzono_affine6 6 6
0.4585433006286621
0.005094289779663086
polyzono_affine6 7 6
3.646911382675171
0.005057573318481445
polyzono_affine6 8 6
0
0
polyzono_affine6 9 6
0
0
polyzono_affine7 1 7
0.05991792678833008
0.003495454788208008
polyzono_affine7 10 7
0
0
polyzono_affine7 2 7
0.06553840637207031
0.0038466453552246094
polyzono_affine7 3 7
0.07088255882263184
0.0039098262786865234
polyzono_affine7 4 7
0.08844757080078125
0.004352092742919922
polyzono_affine7 5 7
0.14311456680297852
0.0044536590576171875
polyzono_affine7 6 7
0.4331181049346924
0.004854917526245117
polyzono_affine7 7 7
3.7016654014587402
0.0055882930755615234
polyzono_affine7 8 7
0
0
polyzono_affine7 9 7
0
0
polyzono_affine8 1 8
0.06077075004577637
0.003419637680053711
polyzono_affine8 10 8
0
0
polyzono_affine8 2 8
0.06931185722351074
0.003927946090698242
polyzono_affine8 3 8
0.07100963592529297
0.003956317901611328
polyzono_affine8 4 8
0.08833026885986328
0.004442930221557617
polyzono_affine8 5 8
0.14377856254577637
0.00455164909362793
polyzono_affine8 6 8
0.4940509796142578
0.004816770553588867
polyzono_affine8 7 8
4.462093114852905
0.005229949951171875
polyzono_affine8 8 8
0
0
polyzono_affine8 9 8
0
0
polyzono_affine9 1 9
0.06115603446960449
0.003466367721557617
polyzono_affine9 10 9
0
0
polyzono_affine9 2 9
0.06595873832702637
0.0037577152252197266
polyzono_affine9 3 9
0.07350015640258789
0.004098653793334961
polyzono_affine9 4 9
0.09446239471435547
0.004613161087036133
polyzono_affine9 5 9
0.1490938663482666
0.004502534866333008
polyzono_affine9 6 9
0.565436840057373
0.0052793025970458984
polyzono_affine9 7 9
4.512436389923096
0.005368232727050781
polyzono_affine9 8 9
0
0
polyzono_affine9 9 9
0
0
polyzono_maxpool1 1 1
0.04042482376098633
0.016605615615844727
polyzono_maxpool1 10 1
0.04220390319824219
0.016361236572265625
polyzono_maxpool1 2 1
0.03802919387817383
0.01523280143737793
polyzono_maxpool1 3 1
0.03856658935546875
0.015321493148803711
polyzono_maxpool1 4 1
0.04200029373168945
0.01706242561340332
polyzono_maxpool1 5 1
0.03974342346191406
0.016007184982299805
polyzono_maxpool1 6 1
0.04048752784729004
0.01580071449279785
polyzono_maxpool1 7 1
0.04409480094909668
0.017733335494995117
polyzono_maxpool1 8 1
0.0412752628326416
0.016648292541503906
polyzono_maxpool1 9 1
0.04181361198425293
0.016855955123901367
polyzono_maxpool10 1 10
0
0
polyzono_maxpool2 1 2
0.046629905700683594
0.023645639419555664
polyzono_maxpool2 10 2
0.0490117073059082
0.024929523468017578
polyzono_maxpool2 2 2
0.04408574104309082
0.02219867706298828
polyzono_maxpool2 3 2
0.04458427429199219
0.02255702018737793
polyzono_maxpool2 4 2
0.04503750801086426
0.022710084915161133
polyzono_maxpool2 5 2
0.045926570892333984
0.02330493927001953
polyzono_maxpool2 6 2
0.04620981216430664
0.023281097412109375
polyzono_maxpool2 7 2
0.04710865020751953
0.02383732795715332
polyzono_maxpool2 8 2
0.04766249656677246
0.024177074432373047
polyzono_maxpool2 9 2
0.04834485054016113
0.024173736572265625
polyzono_maxpool3 1 3
0.06095695495605469
0.164870023727417
polyzono_maxpool3 10 3
0.06256222724914551
0.12484383583068848
polyzono_maxpool3 2 3
0.057129859924316406
0.14060306549072266
polyzono_maxpool3 3 3
0.05782508850097656
0.14028549194335938
polyzono_maxpool3 4 3
0.05765271186828613
0.12588763236999512
polyzono_maxpool3 5 3
0.05888867378234863
0.13951730728149414
polyzono_maxpool3 6 3
0.059610843658447266
0.13700461387634277
polyzono_maxpool3 7 3
0.0601649284362793
0.11589217185974121
polyzono_maxpool3 8 3
0.06048226356506348
0.1103658676147461
polyzono_maxpool3 9 3
0.06186079978942871
0.12154793739318848
polyzono_maxpool4 1 4
0.09235882759094238
18.81909418106079
polyzono_maxpool4 10 4
0.09406661987304688
9.626808643341064
polyzono_maxpool4 2 4
0.0898888111114502
3.4965951442718506
polyzono_maxpool4 3 4
0.08560943603515625
9.116811990737915
polyzono_maxpool4 4 4
0.08814811706542969
6.706317901611328
polyzono_maxpool4 5 4
0.09360647201538086
2.8604736328125
polyzono_maxpool4 6 4
0.09030723571777344
18.34812879562378
polyzono_maxpool4 7 4
0.09050607681274414
7.096959590911865
polyzono_maxpool4 8 4
0.0946357250213623
2.786069631576538
polyzono_maxpool4 9 4
0.09184408187866211
2.575838804244995
polyzono_maxpool5 1 5
0
0
polyzono_maxpool6 1 6
0
0
polyzono_maxpool7 1 7
0
0
polyzono_maxpool8 1 8
0
0
polyzono_maxpool9 1 9
0
0
polyzono_relu1 1 1
0.09302639961242676
0.0447998046875
polyzono_relu1 10 1
0.0980992317199707
0.04496884346008301
polyzono_relu1 2 1
0.09060263633728027
0.04325389862060547
polyzono_relu1 3 1
0.08910202980041504
0.04252004623413086
polyzono_relu1 4 1
0.08983349800109863
0.042694807052612305
polyzono_relu1 5 1
0.09163618087768555
0.04323315620422363
polyzono_relu1 6 1
0.09325313568115234
0.04376983642578125
polyzono_relu1 7 1
0.09408235549926758
0.04413461685180664
polyzono_relu1 8 1
0.09618830680847168
0.04408121109008789
polyzono_relu1 9 1
0.0959327220916748
0.04387378692626953
polyzono_relu10 1 10
0.08650779724121094
0.0423429012298584
polyzono_relu10 10 10
0.10511946678161621
0.04813647270202637
polyzono_relu10 2 10
0.08805203437805176
0.042577505111694336
polyzono_relu10 3 10
0.09028291702270508
0.0432744026184082
polyzono_relu10 4 10
0.09155631065368652
0.04376649856567383
polyzono_relu10 5 10
0.09317183494567871
0.04390525817871094
polyzono_relu10 6 10
0.09245109558105469
0.0434877872467041
polyzono_relu10 7 10
0.09573674201965332
0.044747352600097656
polyzono_relu10 8 10
0.09434342384338379
0.04405093193054199
polyzono_relu10 9 10
0.0981285572052002
0.04517722129821777
polyzono_relu2 1 2
0.08676862716674805
0.04182791709899902
polyzono_relu2 10 2
0.09784483909606934
0.044777870178222656
polyzono_relu2 2 2
0.08861994743347168
0.04240155220031738
polyzono_relu2 3 2
0.08842301368713379
0.04218578338623047
polyzono_relu2 4 2
0.09018397331237793
0.04282999038696289
polyzono_relu2 5 2
0.09184861183166504
0.043257951736450195
polyzono_relu2 6 2
0.09300041198730469
0.044129371643066406
polyzono_relu2 7 2
0.0975346565246582
0.04539227485656738
polyzono_relu2 8 2
0.09567141532897949
0.0443577766418457
polyzono_relu2 9 2
0.09964680671691895
0.04558587074279785
polyzono_relu3 1 3
0.08656001091003418
0.041498422622680664
polyzono_relu3 10 3
0.09744691848754883
0.044985055923461914
polyzono_relu3 2 3
0.08939075469970703
0.04274630546569824
polyzono_relu3 3 3
0.08881044387817383
0.042407989501953125
polyzono_relu3 4 3
0.09143424034118652
0.0435488224029541
polyzono_relu3 5 3
0.09267163276672363
0.043747663497924805
polyzono_relu3 6 3
0.09262824058532715
0.04456377029418945
polyzono_relu3 7 3
0.10123324394226074
0.0471653938293457
polyzono_relu3 8 3
0.0993645191192627
0.04586434364318848
polyzono_relu3 9 3
0.0967094898223877
0.044426679611206055
polyzono_relu4 1 4
0.08662104606628418
0.041609764099121094
polyzono_relu4 10 4
0.09799313545227051
0.04483962059020996
polyzono_relu4 2 4
0.08788561820983887
0.04178214073181152
polyzono_relu4 3 4
0.08926701545715332
0.04264330863952637
polyzono_relu4 4 4
0.09345650672912598
0.04434561729431152
polyzono_relu4 5 4
0.09115362167358398
0.043349504470825195
polyzono_relu4 6 4
0.09251546859741211
0.04367375373840332
polyzono_relu4 7 4
0.0969846248626709
0.04538774490356445
polyzono_relu4 8 4
0.09551477432250977
0.04439806938171387
polyzono_relu4 9 4
0.0997157096862793
0.04577445983886719
polyzono_relu5 1 5
0.08647608757019043
0.041503190994262695
polyzono_relu5 10 5
0.09819245338439941
0.04497408866882324
polyzono_relu5 2 5
0.08790802955627441
0.041964054107666016
polyzono_relu5 3 5
0.08883261680603027
0.042505741119384766
polyzono_relu5 4 5
0.0913553237915039
0.043637752532958984
polyzono_relu5 5 5
0.0916588306427002
0.04291653633117676
polyzono_relu5 6 5
0.09266090393066406
0.04375100135803223
polyzono_relu5 7 5
0.09510302543640137
0.04446053504943848
polyzono_relu5 8 5
0.0984044075012207
0.04554939270019531
polyzono_relu5 9 5
0.0962679386138916
0.044574737548828125
polyzono_relu6 1 6
0.08944201469421387
0.04310250282287598
polyzono_relu6 10 6
0.09702348709106445
0.04476594924926758
polyzono_relu6 2 6
0.08809757232666016
0.04191231727600098
polyzono_relu6 3 6
0.0890359878540039
0.0426025390625
polyzono_relu6 4 6
0.09102272987365723
0.043282508850097656
polyzono_relu6 5 6
0.09090566635131836
0.043264150619506836
polyzono_relu6 6 6
0.09284782409667969
0.04356575012207031
polyzono_relu6 7 6
0.09361100196838379
0.044113874435424805
polyzono_relu6 8 6
0.09558987617492676
0.04404091835021973
polyzono_relu6 9 6
0.09608078002929688
0.04459047317504883
polyzono_relu7 1 7
0.08636093139648438
0.04152226448059082
polyzono_relu7 10 7
0.0983726978302002
0.04530930519104004
polyzono_relu7 2 7
0.08784294128417969
0.041793107986450195
polyzono_relu7 3 7
0.08864378929138184
0.04230213165283203
polyzono_relu7 4 7
0.09049034118652344
0.04349398612976074
polyzono_relu7 5 7
0.09889936447143555
0.04659008979797363
polyzono_relu7 6 7
0.09283804893493652
0.04367375373840332
polyzono_relu7 7 7
0.10135388374328613
0.04727315902709961
polyzono_relu7 8 7
0.0954599380493164
0.04437685012817383
polyzono_relu7 9 7
0.09697818756103516
0.04435110092163086
polyzono_relu8 1 8
0.08662724494934082
0.041459083557128906
polyzono_relu8 10 8
0.09760522842407227
0.04476499557495117
polyzono_relu8 2 8
0.08723163604736328
0.04158449172973633
polyzono_relu8 3 8
0.08906912803649902
0.04237055778503418
polyzono_relu8 4 8
0.09057831764221191
0.04299783706665039
polyzono_relu8 5 8
0.09140181541442871
0.04351806640625
polyzono_relu8 6 8
0.09433126449584961
0.04351997375488281
polyzono_relu8 7 8
0.10152363777160645
0.04798173904418945
polyzono_relu8 8 8
0.10313653945922852
0.0476839542388916
polyzono_relu8 9 8
0.09549307823181152
0.04383087158203125
polyzono_relu9 1 9
0.08643555641174316
0.04142451286315918
polyzono_relu9 10 9
0.09750962257385254
0.04497385025024414
polyzono_relu9 2 9
0.08752799034118652
0.041858673095703125
polyzono_relu9 3 9
0.08876371383666992
0.0429081916809082
polyzono_relu9 4 9
0.0899810791015625
0.04275870323181152
polyzono_relu9 5 9
0.09157943725585938
0.04315829277038574
polyzono_relu9 6 9
0.10046195983886719
0.04705214500427246
polyzono_relu9 7 9
0.09440851211547852
0.04395437240600586
polyzono_relu9 8 9
0.09535789489746094
0.04417896270751953
polyzono_relu9 9 9
0.09668993949890137
0.044252634048461914
refinezono_affine1 1 1
0.01967620849609375
0.006030559539794922
refinezono_affine1 10 1
0.02260613441467285
0.006643772125244141
refinezono_affine1 2 1
0.020942211151123047
0.006227970123291016
refinezono_affine1 3 1
0.02152395248413086
0.006475687026977539
refinezono_affine1 4 1
0.020284175872802734
0.006243705749511719
refinezono_affine1 5 1
0.020813465118408203
0.00638127326965332
refinezono_affine1 6 1
0.0208280086517334
0.00633549690246582
refinezono_affine1 7 1
0.021810531616210938
0.006463289260864258
refinezono_affine1 8 1
0.02294921875
0.006800651550292969
refinezono_affine1 9 1
0.021667003631591797
0.006459951400756836
refinezono_affine10 1 10
0.029618024826049805
0.0065495967864990234
refinezono_affine10 10 10
0.03699684143066406
0.007472515106201172
refinezono_affine10 2 10
0.0300140380859375
0.006664752960205078
refinezono_affine10 3 10
0.03141975402832031
0.006886005401611328
refinezono_affine10 4 10
0.03182268142700195
0.006976127624511719
refinezono_affine10 5 10
0.03237199783325195
0.007055997848510742
refinezono_affine10 6 10
0.03374028205871582
0.0071659088134765625
refinezono_affine10 7 10
0.03504467010498047
0.007189035415649414
refinezono_affine10 8 10
0.03534412384033203
0.0073392391204833984
refinezono_affine10 9 10
0.03853964805603027
0.007868051528930664
refinezono_affine2 1 2
0.020832061767578125
0.006093502044677734
refinezono_affine2 10 2
0.024139404296875
0.006652355194091797
refinezono_affine2 2 2
0.020914793014526367
0.006203174591064453
refinezono_affine2 3 2
0.021988868713378906
0.006426572799682617
refinezono_affine2 4 2
0.022198915481567383
0.006448984146118164
refinezono_affine2 5 2
0.02359461784362793
0.00681304931640625
refinezono_affine2 6 2
0.02388310432434082
0.006840944290161133
refinezono_affine2 7 2
0.024369001388549805
0.006959438323974609
refinezono_affine2 8 2
0.02292180061340332
0.006544828414916992
refinezono_affine2 9 2
0.02475261688232422
0.0070650577545166016
refinezono_affine3 1 3
0.022309541702270508
0.006311655044555664
refinezono_affine3 10 3
0.02669215202331543
0.007036685943603516
refinezono_affine3 2 3
0.02206277847290039
0.0063018798828125
refinezono_affine3 3 3
0.022597312927246094
0.00634455680847168
refinezono_affine3 4 3
0.022684335708618164
0.006411552429199219
refinezono_affine3 5 3
0.023308992385864258
0.006570339202880859
refinezono_affine3 6 3
0.025368213653564453
0.006974697113037109
refinezono_affine3 7 3
0.024034500122070312
0.006478786468505859
refinezono_affine3 8 3
0.0244600772857666
0.0066683292388916016
refinezono_affine3 9 3
0.02481222152709961
0.006813764572143555
refinezono_affine4 1 4
0.022773027420043945
0.006218671798706055
refinezono_affine4 10 4
0.027298927307128906
0.006890535354614258
refinezono_affine4 2 4
0.023334264755249023
0.006402015686035156
refinezono_affine4 3 4
0.023836135864257812
0.006410360336303711
refinezono_affine4 4 4
0.02398061752319336
0.006493806838989258
refinezono_affine4 5 4
0.025214433670043945
0.0067272186279296875
refinezono_affine4 6 4
0.025063514709472656
0.006677389144897461
refinezono_affine4 7 4
0.02527165412902832
0.0066797733306884766
refinezono_affine4 8 4
0.025757789611816406
0.006810188293457031
refinezono_affine4 9 4
0.026370763778686523
0.0069239139556884766
refinezono_affine5 1 5
0.024039745330810547
0.006427764892578125
refinezono_affine5 10 5
0.02833080291748047
0.006873369216918945
refinezono_affine5 2 5
0.02591228485107422
0.006867170333862305
refinezono_affine5 3 5
0.026714801788330078
0.0070383548736572266
refinezono_affine5 4 5
0.025360107421875
0.006631135940551758
refinezono_affine5 5 5
0.027808666229248047
0.00707554817199707
refinezono_affine5 6 5
0.026325464248657227
0.006700754165649414
refinezono_affine5 7 5
0.027482986450195312
0.006819248199462891
refinezono_affine5 8 5
0.02930903434753418
0.007246732711791992
refinezono_affine5 9 5
0.027643680572509766
0.0068645477294921875
refinezono_affine6 1 6
0.025425195693969727
0.006407499313354492
refinezono_affine6 10 6
0.029976606369018555
0.007162570953369141
refinezono_affine6 2 6
0.02635812759399414
0.0066487789154052734
refinezono_affine6 3 6
0.026946306228637695
0.006767749786376953
refinezono_affine6 4 6
0.0285947322845459
0.007107734680175781
refinezono_affine6 5 6
0.026979684829711914
0.0065877437591552734
refinezono_affine6 6 6
0.027599334716796875
0.006755352020263672
refinezono_affine6 7 6
0.028501510620117188
0.00670933723449707
refinezono_affine6 8 6
0.028713703155517578
0.006935834884643555
refinezono_affine6 9 6
0.02920365333557129
0.0069119930267333984
refinezono_affine7 1 7
0.025981426239013672
0.006449222564697266
refinezono_affine7 10 7
0.03212165832519531
0.007123470306396484
refinezono_affine7 2 7
0.026682615280151367
0.006568431854248047
refinezono_affine7 3 7
0.027032852172851562
0.006561279296875
refinezono_affine7 4 7
0.027873516082763672
0.006679534912109375
refinezono_affine7 5 7
0.028763294219970703
0.006780862808227539
refinezono_affine7 6 7
0.029080629348754883
0.006803035736083984
refinezono_affine7 7 7
0.029531240463256836
0.006760120391845703
refinezono_affine7 8 7
0.030649185180664062
0.0071070194244384766
refinezono_affine7 9 7
0.031230926513671875
0.007086753845214844
refinezono_affine8 1 8
0.027056455612182617
0.00657963752746582
refinezono_affine8 10 8
0.03313946723937988
0.007174968719482422
refinezono_affine8 2 8
0.027765512466430664
0.0065801143646240234
refinezono_affine8 3 8
0.02844834327697754
0.006618022918701172
refinezono_affine8 4 8
0.029335737228393555
0.006788730621337891
refinezono_affine8 5 8
0.02988147735595703
0.006836414337158203
refinezono_affine8 6 8
0.03069448471069336
0.0069119930267333984
refinezono_affine8 7 8
0.03146100044250488
0.006923675537109375
refinezono_affine8 8 8
0.03199195861816406
0.0071294307708740234
refinezono_affine8 9 8
0.03286862373352051
0.007128238677978516
refinezono_affine9 1 9
0.02848339080810547
0.006638288497924805
refinezono_affine9 10 9
0.035106658935546875
0.0074520111083984375
refinezono_affine9 2 9
0.028768301010131836
0.006721973419189453
refinezono_affine9 3 9
0.03187227249145508
0.0072324275970458984
refinezono_affine9 4 9
0.03288841247558594
0.007354736328125
refinezono_affine9 5 9
0.03126025199890137
0.00696873664855957
refinezono_affine9 6 9
0.03430986404418945
0.007401227951049805
refinezono_affine9 7 9
0.03295445442199707
0.007058143615722656
refinezono_affine9 8 9
0.03349184989929199
0.007124662399291992
refinezono_affine9 9 9
0.03507804870605469
0.007319927215576172
refinezono_maxpool1 1 1
0.03060746192932129
0.012350320816040039
refinezono_maxpool1 10 1
0.03635287284851074
0.013701438903808594
refinezono_maxpool1 2 1
0.03290367126464844
0.013200759887695312
refinezono_maxpool1 3 1
0.031256675720214844
0.012580633163452148
refinezono_maxpool1 4 1
0.03167271614074707
0.012741327285766602
refinezono_maxpool1 5 1
0.03246045112609863
0.013129711151123047
refinezono_maxpool1 6 1
0.034618377685546875
0.013743162155151367
refinezono_maxpool1 7 1
0.03320765495300293
0.013178586959838867
refinezono_maxpool1 8 1
0.033267974853515625
0.013217926025390625
refinezono_maxpool1 9 1
0.03398752212524414
0.013395547866821289
refinezono_maxpool10 1 10
0
0
refinezono_maxpool2 1 2
0.03316450119018555
0.03554415702819824
refinezono_maxpool2 10 2
0.03765535354614258
0.018483638763427734
refinezono_maxpool2 2 2
0.033499956130981445
0.03783845901489258
refinezono_maxpool2 3 2
0.03453540802001953
0.034804582595825195
refinezono_maxpool2 4 2
0.03709888458251953
0.03870701789855957
refinezono_maxpool2 5 2
0.03538370132446289
0.03512406349182129
refinezono_maxpool2 6 2
0.035378217697143555
0.036298274993896484
refinezono_maxpool2 7 2
0.03863382339477539
0.04506850242614746
refinezono_maxpool2 8 2
0.03686189651489258
0.040060997009277344
refinezono_maxpool2 9 2
0.03986477851867676
0.01994633674621582
refinezono_maxpool3 1 3
0.037767648696899414
0.6724674701690674
refinezono_maxpool3 10 3
0.042856454849243164
1.990774154663086
refinezono_maxpool3 2 3
0.0379338264465332
0.6604349613189697
refinezono_maxpool3 3 3
0.03825020790100098
0.9828858375549316
refinezono_maxpool3 4 3
0.038927316665649414
0.9778962135314941
refinezono_maxpool3 5 3
0.042870283126831055
1.3457913398742676
refinezono_maxpool3 6 3
0.04081010818481445
1.2679476737976074
refinezono_maxpool3 7 3
0.0407710075378418
0.9529030323028564
refinezono_maxpool3 8 3
0.04151153564453125
2.027341842651367
refinezono_maxpool3 9 3
0.04230809211730957
3.0741961002349854
refinezono_maxpool4 1 4
0
0
refinezono_maxpool5 1 5
0
0
refinezono_maxpool6 1 6
0
0
refinezono_maxpool7 1 7
0
0
refinezono_maxpool8 1 8
0
0
refinezono_maxpool9 1 9
0
0
refinezono_relu1 1 1
0.07998538017272949
0.038558006286621094
refinezono_relu1 10 1
0.08595895767211914
0.03969001770019531
refinezono_relu1 2 1
0.07608819007873535
0.03632616996765137
refinezono_relu1 3 1
0.08193039894104004
0.03928685188293457
refinezono_relu1 4 1
0.08010339736938477
0.0378568172454834
refinezono_relu1 5 1
0.07924652099609375
0.037619590759277344
refinezono_relu1 6 1
0.0802450180053711
0.03770279884338379
refinezono_relu1 7 1
0.0802299976348877
0.03766989707946777
refinezono_relu1 8 1
0.08231544494628906
0.03803730010986328
refinezono_relu1 9 1
0.08310723304748535
0.03895235061645508
refinezono_relu10 1 10
0.08000326156616211
0.03820443153381348
refinezono_relu10 10 10
0.08580803871154785
0.03956031799316406
refinezono_relu10 2 10
0.07555556297302246
0.03593945503234863
refinezono_relu10 3 10
0.07674765586853027
0.036260128021240234
refinezono_relu10 4 10
0.08322310447692871
0.03988361358642578
refinezono_relu10 5 10
0.07858753204345703
0.03729605674743652
refinezono_relu10 6 10
0.0809485912322998
0.0382533073425293
refinezono_relu10 7 10
0.08024072647094727
0.037546396255493164
refinezono_relu10 8 10
0.08303952217102051
0.03897905349731445
refinezono_relu10 9 10
0.08883953094482422
0.04152560234069824
refinezono_relu2 1 2
0.0753929615020752
0.03628253936767578
refinezono_relu2 10 2
0.08434891700744629
0.03921318054199219
refinezono_relu2 2 2
0.08084392547607422
0.03863787651062012
refinezono_relu2 3 2
0.07636260986328125
0.036673545837402344
refinezono_relu2 4 2
0.08330559730529785
0.03993368148803711
refinezono_relu2 5 2
0.08094501495361328
0.038712501525878906
refinezono_relu2 6 2
0.08579468727111816
0.04014396667480469
refinezono_relu2 7 2
0.0868995189666748
0.04047060012817383
refinezono_relu2 8 2
0.0875399112701416
0.040910959243774414
refinezono_relu2 9 2
0.08919405937194824
0.0417180061340332
refinezono_relu3 1 3
0.08024048805236816
0.03853487968444824
refinezono_relu3 10 3
0.08985137939453125
0.04110431671142578
refinezono_relu3 2 3
0.07529020309448242
0.03606581687927246
refinezono_relu3 3 3
0.07783699035644531
0.03722262382507324
refinezono_relu3 4 3
0.0773313045501709
0.03712916374206543
refinezono_relu3 5 3
0.0843503475189209
0.03976559638977051
refinezono_relu3 6 3
0.07988691329956055
0.03793835639953613
refinezono_relu3 7 3
0.08065319061279297
0.038002729415893555
refinezono_relu3 8 3
0.08166313171386719
0.03853654861450195
refinezono_relu3 9 3
0.08372068405151367
0.03958725929260254
refinezono_relu4 1 4
0.07438540458679199
0.03578615188598633
refinezono_relu4 10 4
0.0834958553314209
0.03887677192687988
refinezono_relu4 2 4
0.08100080490112305
0.0386354923248291
refinezono_relu4 3 4
0.0770578384399414
0.036888837814331055
refinezono_relu4 4 4
0.08327722549438477
0.03957962989807129
refinezono_relu4 5 4
0.07999777793884277
0.038191795349121094
refinezono_relu4 6 4
0.08057403564453125
0.03807854652404785
refinezono_relu4 7 4
0.08715701103210449
0.04076409339904785
refinezono_relu4 8 4
0.08410978317260742
0.04024052619934082
refinezono_relu4 9 4
0.08327126502990723
0.039517879486083984
refinezono_relu5 1 5
0.07497072219848633
0.035959482192993164
refinezono_relu5 10 5
0.0891716480255127
0.04098939895629883
refinezono_relu5 2 5
0.08066582679748535
0.03838229179382324
refinezono_relu5 3 5
0.08247137069702148
0.03963017463684082
refinezono_relu5 4 5
0.08312439918518066
0.03945183753967285
refinezono_relu5 5 5
0.07950806617736816
0.0378267765045166
refinezono_relu5 6 5
0.07947540283203125
0.03745245933532715
refinezono_relu5 7 5
0.08623647689819336
0.040070295333862305
refinezono_relu5 8 5
0.08765172958374023
0.041008949279785156
refinezono_relu5 9 5
0.08279061317443848
0.03895092010498047
refinezono_relu6 1 6
0.08009815216064453
0.03875327110290527
refinezono_relu6 10 6
0.08371448516845703
0.03864932060241699
refinezono_relu6 2 6
0.07633137702941895
0.03659963607788086
refinezono_relu6 3 6
0.08228015899658203
0.039125919342041016
refinezono_relu6 4 6
0.07756829261779785
0.03706073760986328
refinezono_relu6 5 6
0.07889413833618164
0.037528038024902344
refinezono_relu6 6 6
0.08534812927246094
0.04032087326049805
refinezono_relu6 7 6
0.08170676231384277
0.0384678840637207
refinezono_relu6 8 6
0.08799934387207031
0.0408785343170166
refinezono_relu6 9 6
0.08950638771057129
0.04180145263671875
refinezono_relu7 1 7
0.07541704177856445
0.035805702209472656
refinezono_relu7 10 7
0.08490490913391113
0.03936433792114258
refinezono_relu7 2 7
0.0757756233215332
0.0362551212310791
refinezono_relu7 3 7
0.07694435119628906
0.03670525550842285
refinezono_relu7 4 7
0.082916259765625
0.03963160514831543
refinezono_relu7 5 7
0.07971787452697754
0.0377652645111084
refinezono_relu7 6 7
0.08585381507873535
0.04035234451293945
refinezono_relu7 7 7
0.08677792549133301
0.04070568084716797
refinezono_relu7 8 7
0.08221769332885742
0.03873753547668457
refinezono_relu7 9 7
0.08273553848266602
0.03862476348876953
refinezono_relu8 1 8
0.0745398998260498
0.03585028648376465
refinezono_relu8 10 8
0.0861659049987793
0.03874540328979492
refinezono_relu8 2 8
0.07668709754943848
0.03696274757385254
refinezono_relu8 3 8
0.0776824951171875
0.0371854305267334
refinezono_relu8 4 8
0.07784461975097656
0.03726625442504883
refinezono_relu8 5 8
0.08436203002929688
0.039670705795288086
refinezono_relu8 6 8
0.08021211624145508
0.03758072853088379
refinezono_relu8 7 8
0.08686375617980957
0.04048752784729004
refinezono_relu8 8 8
0.08287811279296875
0.03889060020446777
refinezono_relu8 9 8
0.08525729179382324
0.04009389877319336
refinezono_relu9 1 9
0.07494568824768066
0.035953521728515625
refinezono_relu9 10 9
0.08414578437805176
0.039003849029541016
refinezono_relu9 2 9
0.08086633682250977
0.03847956657409668
refinezono_relu9 3 9
0.07676839828491211
0.03688192367553711
refinezono_relu9 4 9
0.07863521575927734
0.03744339942932129
refinezono_relu9 5 9
0.08418703079223633
0.04007434844970703
refinezono_relu9 6 9
0.08571243286132812
0.040357112884521484
refinezono_relu9 7 9
0.0816195011138916
0.038099050521850586
refinezono_relu9 8 9
0.08297300338745117
0.038922786712646484
refinezono_relu9 9 9
0.08380985260009766
0.0390009880065918
zono_affine1 1 1
0.01310586929321289
0.003237485885620117
zono_affine1 10 1
0.014739274978637695
0.0035512447357177734
zono_affine1 2 1
0.013884782791137695
0.0034608840942382812
zono_affine1 3 1
0.01385641098022461
0.0034050941467285156
zono_affine1 4 1
0.013563156127929688
0.003425121307373047
zono_affine1 5 1
0.013525247573852539
0.0032587051391601562
zono_affine1 6 1
0.014936447143554688
0.003545045852661133
zono_affine1 7 1
0.014129638671875
0.003560304641723633
zono_affine1 8 1
0.014412403106689453
0.0034551620483398438
zono_affine1 9 1
0.015399932861328125
0.003645181655883789
zono_affine10 1 10
0.10787606239318848
0.00421905517578125
zono_affine10 10 10
0.11338138580322266
0.004597187042236328
zono_affine10 2 10
0.11444568634033203
0.0044803619384765625
zono_affine10 3 10
0.10590887069702148
0.004374265670776367
zono_affine10 4 10
0.11060523986816406
0.004305124282836914
zono_affine10 5 10
0.10590529441833496
0.0044100284576416016
zono_affine10 6 10
0.10900425910949707
0.004323482513427734
zono_affine10 7 10
0.10847330093383789
0.004525899887084961
zono_affine10 8 10
0.11286211013793945
0.004551887512207031
zono_affine10 9 10
0.10958075523376465
0.00458836555480957
zono_affine2 1 2
0.01359868049621582
0.003362417221069336
zono_affine2 10 2
0.015975475311279297
0.0035736560821533203
zono_affine2 2 2
0.014041423797607422
0.003427743911743164
zono_affine2 3 2
0.014536142349243164
0.003398418426513672
zono_affine2 4 2
0.014699220657348633
0.0034852027893066406
zono_affine2 5 2
0.014945745468139648
0.003544330596923828
zono_affine2 6 2
0.015288591384887695
0.0035822391510009766
zono_affine2 7 2
0.015363931655883789
0.0035772323608398438
zono_affine2 8 2
0.015526533126831055
0.003705263137817383
zono_affine2 9 2
0.015768766403198242
0.003553152084350586
zono_affine3 1 3
0.014930486679077148
0.0035696029663085938
zono_affine3 10 3
0.018132448196411133
0.0037899017333984375
zono_affine3 2 3
0.014992952346801758
0.0034942626953125
zono_affine3 3 3
0.015491962432861328
0.003618478775024414
zono_affine3 4 3
0.01592564582824707
0.003673076629638672
zono_affine3 5 3
0.016339540481567383
0.0036635398864746094
zono_affine3 6 3
0.017496347427368164
0.003858327865600586
zono_affine3 7 3
0.01691126823425293
0.0036554336547851562
zono_affine3 8 3
0.01709580421447754
0.003722667694091797
zono_affine3 9 3
0.017405986785888672
0.003690958023071289
zono_affine4 1 4
0.01745772361755371
0.0037479400634765625
zono_affine4 10 4
0.021604061126708984
0.004002809524536133
zono_affine4 2 4
0.017847776412963867
0.003760814666748047
zono_affine4 3 4
0.01706671714782715
0.0036916732788085938
zono_affine4 4 4
0.01839423179626465
0.0038771629333496094
zono_affine4 5 4
0.018030643463134766
0.003745555877685547
zono_affine4 6 4
0.01843404769897461
0.003753185272216797
zono_affine4 7 4
0.018922805786132812
0.003780364990234375
zono_affine4 8 4
0.01928877830505371
0.003883838653564453
zono_affine4 9 4
0.02099919319152832
0.0039806365966796875
zono_affine5 1 5
0.018419742584228516
0.00368499755859375
zono_affine5 10 5
0.022536277770996094
0.003907680511474609
zono_affine5 2 5
0.019031286239624023
0.003787517547607422
zono_affine5 3 5
0.01987624168395996
0.0037796497344970703
zono_affine5 4 5
0.01985025405883789
0.0038709640502929688
zono_affine5 5 5
0.021559715270996094
0.00397038459777832
zono_affine5 6 5
0.0216064453125
0.003862142562866211
zono_affine5 7 5
0.021488428115844727
0.003867626190185547
zono_affine5 8 5
0.022268295288085938
0.00393986701965332
zono_affine5 9 5
0.02207350730895996
0.003916263580322266
zono_affine6 1 6
0.02215266227722168
0.0038275718688964844
zono_affine6 10 6
0.027019739151000977
0.00410151481628418
zono_affine6 2 6
0.0238492488861084
0.004025459289550781
zono_affine6 3 6
0.023435592651367188
0.003916740417480469
zono_affine6 4 6
0.025314807891845703
0.0040912628173828125
zono_affine6 5 6
0.02454519271850586
0.0038805007934570312
zono_affine6 6 6
0.02449655532836914
0.0038721561431884766
zono_affine6 7 6
0.02571415901184082
0.004013776779174805
zono_affine6 8 6
0.0255429744720459
0.004080772399902344
zono_affine6 9 6
0.02640366554260254
0.003999471664428711
zono_affine7 1 7
0.030730485916137695
0.004049062728881836
zono_affine7 10 7
0.03461098670959473
0.004202842712402344
zono_affine7 2 7
0.02886033058166504
0.003854036331176758
zono_affine7 3 7
0.02944040298461914
0.00400090217590332
zono_affine7 4 7
0.030266761779785156
0.003988504409790039
zono_affine7 5 7
0.030387401580810547
0.004011392593383789
zono_affine7 6 7
0.031065940856933594
0.004079341888427734
zono_affine7 7 7
0.033814430236816406
0.004246234893798828
zono_affine7 8 7
0.03207874298095703
0.0040302276611328125
zono_affine7 9 7
0.033518075942993164
0.004155397415161133
zono_affine8 1 8
0.04302191734313965
0.004291534423828125
zono_affine8 10 8
0.04532909393310547
0.004248857498168945
zono_affine8 2 8
0.039945363998413086
0.0040705204010009766
zono_affine8 3 8
0.04143524169921875
0.0042400360107421875
zono_affine8 4 8
0.041907310485839844
0.004128456115722656
zono_affine8 5 8
0.04265761375427246
0.004179954528808594
zono_affine8 6 8
0.042496681213378906
0.0042133331298828125
zono_affine8 7 8
0.04335212707519531
0.004128932952880859
zono_affine8 8 8
0.04406452178955078
0.004277944564819336
zono_affine8 9 8
0.04482007026672363
0.0043048858642578125
zono_affine9 1 9
0.0605165958404541
0.004086971282958984
zono_affine9 10 9
0.06780648231506348
0.004458904266357422
zono_affine9 2 9
0.0634450912475586
0.004116535186767578
zono_affine9 3 9
0.06273436546325684
0.004244327545166016
zono_affine9 4 9
0.06501221656799316
0.004239320755004883
zono_affine9 5 9
0.06467032432556152
0.004210472106933594
zono_affine9 6 9
0.07056975364685059
0.004584789276123047
zono_affine9 7 9
0.0664210319519043
0.004458904266357422
zono_affine9 8 9
0.06613659858703613
0.004409074783325195
zono_affine9 9 9
0.06588006019592285
0.00439906120300293
zono_maxpool1 1 1
0.02497386932373047
0.009146690368652344
zono_maxpool1 10 1
0.029350757598876953
0.011124610900878906
zono_maxpool1 2 1
0.02526545524597168
0.009376049041748047
zono_maxpool1 3 1
0.02511310577392578
0.009368896484375
zono_maxpool1 4 1
0.027139902114868164
0.009986400604248047
zono_maxpool1 5 1
0.026317119598388672
0.009683847427368164
zono_maxpool1 6 1
0.026619672775268555
0.009750127792358398
zono_maxpool1 7 1
0.027009010314941406
0.009896516799926758
zono_maxpool1 8 1
0.026877403259277344
0.01003408432006836
zono_maxpool1 9 1
0.0288851261138916
0.010624885559082031
zono_maxpool10 1 10
0
0
zono_maxpool2 1 2
0.02712225914001465
0.012777090072631836
zono_maxpool2 10 2
0.030333995819091797
0.01465153694152832
zono_maxpool2 2 2
0.027175188064575195
0.013053655624389648
zono_maxpool2 3 2
0.02714371681213379
0.01301264762878418
zono_maxpool2 4 2
0.029596805572509766
0.014221429824829102
zono_maxpool2 5 2
0.02855205535888672
0.01390528678894043
zono_maxpool2 6 2
0.028500795364379883
0.014093637466430664
zono_maxpool2 7 2
0.02887415885925293
0.01450490951538086
zono_maxpool2 8 2
0.02950739860534668
0.014887094497680664
zono_maxpool2 9 2
0.0293729305267334
0.014831304550170898
zono_maxpool3 1 3
0.02922344207763672
0.019254684448242188
zono_maxpool3 10 3
0.033495187759399414
0.028434038162231445
zono_maxpool3 2 3
0.03013467788696289
0.019194841384887695
zono_maxpool3 3 3
0.03093743324279785
0.019423484802246094
zono_maxpool3 4 3
0.0310819149017334
0.019885778427124023
zono_maxpool3 5 3
0.0315549373626709
0.026405811309814453
zono_maxpool3 6 3
0.031935930252075195
0.028622150421142578
zono_maxpool3 7 3
0.03225588798522949
0.02502894401550293
zono_maxpool3 8 3
0.03257322311401367
0.022564172744750977
zono_maxpool3 9 3
0.034752845764160156
0.02665853500366211
zono_maxpool4 1 4
0.03356456756591797
0.048696041107177734
zono_maxpool4 10 4
0.037473440170288086
0.05732154846191406
zono_maxpool4 2 4
0.03367304801940918
0.05190610885620117
zono_maxpool4 3 4
0.0365297794342041
0.05648303031921387
zono_maxpool4 4 4
0.03563094139099121
0.04774832725524902
zono_maxpool4 5 4
0.03530001640319824
0.062212228775024414
zono_maxpool4 6 4
0.036499738693237305
0.05829262733459473
zono_maxpool4 7 4
0.03628182411193848
0.0635671615600586
zono_maxpool4 8 4
0.036792755126953125
0.06906580924987793
zono_maxpool4 9 4
0.036977529525756836
0.06667804718017578
zono_maxpool5 1 5
0.03763318061828613
0.3772420883178711
zono_maxpool5 10 5
0.04592561721801758
1.1202480792999268
zono_maxpool5 2 5
0.03811287879943848
0.3947012424468994
zono_maxpool5 3 5
0.04133796691894531
0.368349552154541
zono_maxpool5 4 5
0.03931856155395508
0.531562328338623
zono_maxpool5 5 5
0.04288125038146973
0.8146593570709229
zono_maxpool5 6 5
0.040320396423339844
0.39551615715026855
zono_maxpool5 7 5
0.04328417778015137
0.4367403984069824
zono_maxpool5 8 5
0.04238176345825195
0.4173624515533447
zono_maxpool5 9 5
0.04261636734008789
0.31908583641052246
zono_maxpool6 1 6
0.04377341270446777
51.544289350509644
zono_maxpool6 10 6
0.04909348487854004
65.93028044700623
zono_maxpool6 2 6
0.04416823387145996
35.838314056396484
zono_maxpool6 3 6
0.048375844955444336
39.56360054016113
zono_maxpool6 4 6
0.04534339904785156
32.831464529037476
zono_maxpool6 5 6
0.049729347229003906
98.09761619567871
zono_maxpool6 6 6
0.04616379737854004
36.65630054473877
zono_maxpool6 7 6
0.047432661056518555
46.71806764602661
zono_maxpool6 8 6
0.0493929386138916
32.845494508743286
zono_maxpool6 9 6
0.048215389251708984
32.79313635826111
zono_maxpool7 1 7
0
0
zono_maxpool8 1 8
0
0
zono_maxpool9 1 9
0
0
zono_relu1 1 1
0.057385921478271484
0.02619647979736328
zono_relu1 10 1
0.06605815887451172
0.029764175415039062
zono_relu1 2 1
0.05636906623840332
0.025959014892578125
zono_relu1 3 1
0.05774354934692383
0.026788711547851562
zono_relu1 4 1
0.0587313175201416
0.0274050235748291
zono_relu1 5 1
0.059537410736083984
0.027390003204345703
zono_relu1 6 1
0.06001400947570801
0.027554035186767578
zono_relu1 7 1
0.06039834022521973
0.027902841567993164
zono_relu1 8 1
0.06122994422912598
0.028093338012695312
zono_relu1 9 1
0.06204080581665039
0.027935504913330078
zono_relu10 1 10
0.05612897872924805
0.026150941848754883
zono_relu10 10 10
0.0625607967376709
0.02833700180053711
zono_relu10 2 10
0.05719923973083496
0.026435375213623047
zono_relu10 3 10
0.05704307556152344
0.026476621627807617
zono_relu10 4 10
0.058648109436035156
0.027251005172729492
zono_relu10 5 10
0.05928969383239746
0.027146339416503906
zono_relu10 6 10
0.059729576110839844
0.027547597885131836
zono_relu10 7 10
0.061037540435791016
0.027872800827026367
zono_relu10 8 10
0.061360836029052734
0.027673721313476562
zono_relu10 9 10
0.061844825744628906
0.02793431282043457
zono_relu2 1 2
0.05642056465148926
0.026263713836669922
zono_relu2 10 2
0.06381368637084961
0.02855086326599121
zono_relu2 2 2
0.05765032768249512
0.026596546173095703
zono_relu2 3 2
0.057631731033325195
0.026638031005859375
zono_relu2 4 2
0.058980703353881836
0.027189970016479492
zono_relu2 5 2
0.062424659729003906
0.028705120086669922
zono_relu2 6 2
0.05914139747619629
0.027122020721435547
zono_relu2 7 2
0.06072044372558594
0.027884960174560547
zono_relu2 8 2
0.06176352500915527
0.028172016143798828
zono_relu2 9 2
0.06198906898498535
0.027848243713378906
zono_relu3 1 3
0.0562136173248291
0.026104211807250977
zono_relu3 10 3
0.06317806243896484
0.028374195098876953
zono_relu3 2 3
0.05715155601501465
0.026351213455200195
zono_relu3 3 3
0.06773209571838379
0.03133416175842285
zono_relu3 4 3
0.0635216236114502
0.029178619384765625
zono_relu3 5 3
0.059241533279418945
0.02730727195739746
zono_relu3 6 3
0.06300735473632812
0.028986215591430664
zono_relu3 7 3
0.060048818588256836
0.02741861343383789
zono_relu3 8 3
0.06134676933288574
0.028022289276123047
zono_relu3 9 3
0.062059640884399414
0.02788519859313965
zono_relu4 1 4
0.0561068058013916
0.0260009765625
zono_relu4 10 4
0.06271910667419434
0.028356313705444336
zono_relu4 2 4
0.0603487491607666
0.027899742126464844
zono_relu4 3 4
0.06116437911987305
0.0283963680267334
zono_relu4 4 4
0.05744194984436035
0.02677750587463379
zono_relu4 5 4
0.05925631523132324
0.02736067771911621
zono_relu4 6 4
0.05977129936218262
0.027407169342041016
zono_relu4 7 4
0.059967041015625
0.02748394012451172
zono_relu4 8 4
0.06158900260925293
0.028075218200683594
zono_relu4 9 4
0.061708688735961914
0.02774667739868164
zono_relu5 1 5
0.05629873275756836
0.026230573654174805
zono_relu5 10 5
0.06275129318237305
0.028329133987426758
zono_relu5 2 5
0.05716252326965332
0.026448488235473633
zono_relu5 3 5
0.05756711959838867
0.026592254638671875
zono_relu5 4 5
0.05847883224487305
0.027106046676635742
zono_relu5 5 5
0.05849146842956543
0.02696394920349121
zono_relu5 6 5
0.05906558036804199
0.027180194854736328
zono_relu5 7 5
0.061110734939575195
0.02797389030456543
zono_relu5 8 5
0.06200838088989258
0.028142452239990234
zono_relu5 9 5
0.06309223175048828
0.028799772262573242
zono_relu6 1 6
0.05633091926574707
0.026198625564575195
zono_relu6 10 6
0.06182241439819336
0.027959585189819336
zono_relu6 2 6
0.05776238441467285
0.0266878604888916
zono_relu6 3 6
0.05775642395019531
0.026432514190673828
zono_relu6 4 6
0.06132364273071289
0.02847599983215332
zono_relu6 5 6
0.05988621711730957
0.027515411376953125
zono_relu6 6 6
0.05989217758178711
0.02741837501525879
zono_relu6 7 6
0.06095290184020996
0.027878284454345703
zono_relu6 8 6
0.06473159790039062
0.029317617416381836
zono_relu6 9 6
0.061843156814575195
0.028028488159179688
zono_relu7 1 7
0.056380271911621094
0.026074886322021484
zono_relu7 10 7
0.06331872940063477
0.028207063674926758
zono_relu7 2 7
0.06040334701538086
0.02789449691772461
zono_relu7 3 7
0.0579683780670166
0.026808738708496094
zono_relu7 4 7
0.06149721145629883
0.028596878051757812
zono_relu7 5 7
0.05999016761779785
0.027394771575927734
zono_relu7 6 7
0.06055927276611328
0.027774810791015625
zono_relu7 7 7
0.060207366943359375
0.02759265899658203
zono_relu7 8 7
0.06057167053222656
0.02771902084350586
zono_relu7 9 7
0.06215333938598633
0.028174400329589844
zono_relu8 1 8
0.05642294883728027
0.026179790496826172
zono_relu8 10 8
0.06157398223876953
0.028230667114257812
zono_relu8 2 8
0.05635786056518555
0.02613973617553711
zono_relu8 3 8
0.06110262870788574
0.02827596664428711
zono_relu8 4 8
0.06175684928894043
0.028431415557861328
zono_relu8 5 8
0.06259751319885254
0.02885270118713379
zono_relu8 6 8
0.06069183349609375
0.027844667434692383
zono_relu8 7 8
0.06447553634643555
0.0293731689453125
zono_relu8 8 8
0.06234264373779297
0.02820110321044922
zono_relu8 9 8
0.06165456771850586
0.02825760841369629
zono_relu9 1 9
0.05727887153625488
0.026415586471557617
zono_relu9 10 9
0.06609582901000977
0.02976393699645996
zono_relu9 2 9
0.060250043869018555
0.02794480323791504
zono_relu9 3 9
0.058432817459106445
0.02692103385925293
zono_relu9 4 9
0.05834650993347168
0.0268404483795166
zono_relu9 5 9
0.05864381790161133
0.026916027069091797
zono_relu9 6 9
0.06013154983520508
0.027528762817382812
zono_relu9 7 9
0.06011247634887695
0.027527570724487305
zono_relu9 8 9
0.061447858810424805
0.02783203125
zono_relu9 9 9
0.0621340274810791
0.027780771255493164
