deeppoly_affine1 1 1
0.07291436195373535
0.012428045272827148
deeppoly_affine1 2 1
0.07443833351135254
0.013353347778320312
deeppoly_affine1 3 1
0.08864164352416992
0.017778873443603516
deeppoly_affine1 4 1
0.10983085632324219
0.02806830406188965
deeppoly_affine1 5 1
0.1481189727783203
0.06329107284545898
deeppoly_affine1 6 1
0.42986297607421875
0.2531430721282959
deeppoly_affine1 7 1
2.609628200531006
1.508100986480713
deeppoly_affine1 8 1
0
0
deeppoly_affine10 1 10
0.07859921455383301
0.01254415512084961
deeppoly_affine10 2 10
0.08332681655883789
0.014278173446655273
deeppoly_affine10 3 10
0.08995389938354492
0.01710057258605957
deeppoly_affine10 4 10
0.10845732688903809
0.04649543762207031
deeppoly_affine10 5 10
0.16608691215515137
0.09098649024963379
deeppoly_affine10 6 10
0.4425346851348877
0.2590053081512451
deeppoly_affine10 7 10
2.610792636871338
1.509462833404541
deeppoly_affine10 8 10
0
0
deeppoly_affine2 1 2
0.07217764854431152
0.012241601943969727
deeppoly_affine2 2 2
0.07658076286315918
0.01342630386352539
deeppoly_affine2 3 2
0.08251333236694336
0.01621532440185547
deeppoly_affine2 4 2
0.09546685218811035
0.025225400924682617
deeppoly_affine2 5 2
0.14945673942565918
0.0654001235961914
deeppoly_affine2 6 2
0.4270312786102295
0.24586749076843262
deeppoly_affine2 7 2
2.532656192779541
1.454787254333496
deeppoly_affine2 8 2
0
0
deeppoly_affine3 1 3
0.07528853416442871
0.01258993148803711
deeppoly_affine3 2 3
0.07711935043334961
0.013427019119262695
deeppoly_affine3 3 3
0.08640670776367188
0.017252206802368164
deeppoly_affine3 4 3
0.09767866134643555
0.025595903396606445
deeppoly_affine3 5 3
0.1505141258239746
0.06380486488342285
deeppoly_affine3 6 3
0.431471586227417
0.24790501594543457
deeppoly_affine3 7 3
2.5460150241851807
1.4521167278289795
deeppoly_affine3 8 3
0
0
deeppoly_affine4 1 4
0.07567644119262695
0.012578010559082031
deeppoly_affine4 2 4
0.07778215408325195
0.013801097869873047
deeppoly_affine4 3 4
0.08457374572753906
0.016589641571044922
deeppoly_affine4 4 4
0.0983884334564209
0.025811433792114258
deeppoly_affine4 5 4
0.14815044403076172
0.06373190879821777
deeppoly_affine4 6 4
0.4239671230316162
0.24520397186279297
deeppoly_affine4 7 4
2.6813061237335205
1.5581705570220947
deeppoly_affine4 8 4
0
0
deeppoly_affine5 1 5
0.07409787178039551
0.012300968170166016
deeppoly_affine5 2 5
0.07884693145751953
0.014327049255371094
deeppoly_affine5 3 5
0.08530759811401367
0.01674485206604004
deeppoly_affine5 4 5
0.09944510459899902
0.026601552963256836
deeppoly_affine5 5 5
0.15845823287963867
0.06840658187866211
deeppoly_affine5 6 5
0.4479799270629883
0.26827025413513184
deeppoly_affine5 7 5
2.5417308807373047
1.4459831714630127
deeppoly_affine5 8 5
0
0
deeppoly_affine6 1 6
0.07518839836120605
0.01232290267944336
deeppoly_affine6 2 6
0.07948756217956543
0.014371633529663086
deeppoly_affine6 3 6
0.08609485626220703
0.01813030242919922
deeppoly_affine6 4 6
0.10030484199523926
0.02669215202331543
deeppoly_affine6 5 6
0.1548314094543457
0.0662832260131836
deeppoly_affine6 6 6
0.4502718448638916
0.257061243057251
deeppoly_affine6 7 6
2.530320405960083
1.448108196258545
deeppoly_affine7 1 7
0.07498478889465332
0.012224674224853516
deeppoly_affine7 2 7
0.08184361457824707
0.014316558837890625
deeppoly_affine7 3 7
0.08704829216003418
0.021572589874267578
deeppoly_affine7 4 7
0.10042667388916016
0.026126623153686523
deeppoly_affine7 5 7
0.1517503261566162
0.06378674507141113
deeppoly_affine7 6 7
0.42696666717529297
0.24434113502502441
deeppoly_affine7 7 7
2.568537712097168
1.4997756481170654
deeppoly_affine7 8 7
0
0
deeppoly_affine8 1 8
0.0757904052734375
0.01229238510131836
deeppoly_affine8 2 8
0.0856025218963623
0.01503133773803711
deeppoly_affine8 3 8
0.08793973922729492
0.017173290252685547
deeppoly_affine8 4 8
0.1040806770324707
0.030838727951049805
deeppoly_affine8 5 8
0.1668562889099121
0.07296442985534668
deeppoly_affine8 6 8
0.4296839237213135
0.24884462356567383
deeppoly_affine8 7 8
2.557765007019043
1.4961483478546143
deeppoly_affine8 8 8
0
0
deeppoly_affine9 1 9
0.07724308967590332
0.012487173080444336
deeppoly_affine9 2 9
0.08199453353881836
0.013715744018554688
deeppoly_affine9 3 9
0.09310293197631836
0.02038264274597168
deeppoly_affine9 4 9
0.10510516166687012
0.04657697677612305
deeppoly_affine9 5 9
0.15656399726867676
0.06769180297851562
deeppoly_affine9 6 9
0.4383516311645508
0.2572133541107178
deeppoly_affine9 7 9
2.5906145572662354
1.5296764373779297
deeppoly_affine9 8 9
0
0
deeppoly_maxpool1 1 1
0.030620813369750977
0.014388561248779297
deeppoly_maxpool1 10 1
0.030369043350219727
0.014122247695922852
deeppoly_maxpool1 2 1
0.030457019805908203
0.013602495193481445
deeppoly_maxpool1 3 1
0.030315399169921875
0.014484405517578125
deeppoly_maxpool1 4 1
0.030373573303222656
0.013987064361572266
deeppoly_maxpool1 5 1
0.030474424362182617
0.014089345932006836
deeppoly_maxpool1 6 1
0.029740571975708008
0.013832330703735352
deeppoly_maxpool1 7 1
0.030324220657348633
0.013572216033935547
deeppoly_maxpool1 8 1
0.03018641471862793
0.013760089874267578
deeppoly_maxpool1 9 1
0.03012990951538086
0.014127016067504883
deeppoly_maxpool10 1 10
0
0
deeppoly_maxpool2 1 2
0.03521418571472168
0.01643824577331543
deeppoly_maxpool2 10 2
0.034662485122680664
0.0166018009185791
deeppoly_maxpool2 2 2
0.034561872482299805
0.016622304916381836
deeppoly_maxpool2 3 2
0.034856319427490234
0.017783164978027344
deeppoly_maxpool2 4 2
0.03435087203979492
0.01657700538635254
deeppoly_maxpool2 5 2
0.034639596939086914
0.01640605926513672
deeppoly_maxpool2 6 2
0.03466343879699707
0.01717400550842285
deeppoly_maxpool2 7 2
0.03534436225891113
0.017116785049438477
deeppoly_maxpool2 8 2
0.036081552505493164
0.01735210418701172
deeppoly_maxpool2 9 2
0.03549838066101074
0.01753687858581543
deeppoly_maxpool3 1 3
0.04366016387939453
0.022543668746948242
deeppoly_maxpool3 10 3
0.044452667236328125
0.022551536560058594
deeppoly_maxpool3 2 3
0.04414057731628418
0.02302265167236328
deeppoly_maxpool3 3 3
0.04428887367248535
0.022573471069335938
deeppoly_maxpool3 4 3
0.04477834701538086
0.023261070251464844
deeppoly_maxpool3 5 3
0.04344534873962402
0.0235288143157959
deeppoly_maxpool3 6 3
0.04388904571533203
0.022189617156982422
deeppoly_maxpool3 7 3
0.04568815231323242
0.022925853729248047
deeppoly_maxpool3 8 3
0.04469037055969238
0.022570133209228516
deeppoly_maxpool3 9 3
0.04475259780883789
0.023087739944458008
deeppoly_maxpool4 1 4
0.07013630867004395
0.042055368423461914
deeppoly_maxpool4 10 4
0.06983542442321777
0.041483402252197266
deeppoly_maxpool4 2 4
0.07024359703063965
0.04204511642456055
deeppoly_maxpool4 3 4
0.07123231887817383
0.0417933464050293
deeppoly_maxpool4 4 4
0.06905150413513184
0.0419614315032959
deeppoly_maxpool4 5 4
0.06939959526062012
0.04211020469665527
deeppoly_maxpool4 6 4
0.06915068626403809
0.0420079231262207
deeppoly_maxpool4 7 4
0.06963896751403809
0.041770219802856445
deeppoly_maxpool4 8 4
0.06959319114685059
0.0422670841217041
deeppoly_maxpool4 9 4
0.07416582107543945
0.04183149337768555
deeppoly_maxpool5 1 5
0.1326150894165039
0.11908221244812012
deeppoly_maxpool5 10 5
0.13177251815795898
0.11948132514953613
deeppoly_maxpool5 2 5
0.1328732967376709
0.12098979949951172
deeppoly_maxpool5 3 5
0.13194656372070312
0.12091994285583496
deeppoly_maxpool5 4 5
0.1317744255065918
0.11980652809143066
deeppoly_maxpool5 5 5
0.1330268383026123
0.12125110626220703
deeppoly_maxpool5 6 5
0.13317275047302246
0.1204226016998291
deeppoly_maxpool5 7 5
0.13579177856445312
0.1208031177520752
deeppoly_maxpool5 8 5
0.13405132293701172
0.12046480178833008
deeppoly_maxpool5 9 5
0.13103723526000977
0.12093687057495117
deeppoly_maxpool6 1 6
0.3020625114440918
0.41872262954711914
deeppoly_maxpool6 10 6
0.30384111404418945
0.4207267761230469
deeppoly_maxpool6 2 6
0.3001401424407959
0.4150822162628174
deeppoly_maxpool6 3 6
0.30324625968933105
0.4192819595336914
deeppoly_maxpool6 4 6
0.30960750579833984
0.42465829849243164
deeppoly_maxpool6 5 6
0.301882266998291
0.41753149032592773
deeppoly_maxpool6 6 6
0.301074743270874
0.42078113555908203
deeppoly_maxpool6 7 6
0.2993440628051758
0.41938281059265137
deeppoly_maxpool6 8 6
0.302980899810791
0.41904330253601074
deeppoly_maxpool6 9 6
0.2981753349304199
0.4197530746459961
deeppoly_maxpool7 1 7
0.7619235515594482
1.997340202331543
deeppoly_maxpool7 10 7
0.7443203926086426
1.9643573760986328
deeppoly_maxpool7 2 7
0.7480945587158203
1.9633605480194092
deeppoly_maxpool7 3 7
0.7395844459533691
1.9664971828460693
deeppoly_maxpool7 4 7
0.7428290843963623
1.9675636291503906
deeppoly_maxpool7 5 7
0.7372386455535889
2.01019549369812
deeppoly_maxpool7 6 7
0.7461411952972412
1.9624526500701904
deeppoly_maxpool7 7 7
0.7766396999359131
1.9849913120269775
deeppoly_maxpool7 8 7
0.7395398616790771
1.9609625339508057
deeppoly_maxpool7 9 7
0.7424764633178711
2.0012190341949463
deeppoly_maxpool8 1 8
1.835174560546875
9.656153202056885
deeppoly_maxpool8 10 8
1.8653953075408936
9.732158899307251
deeppoly_maxpool8 2 8
1.9098317623138428
9.714847564697266
deeppoly_maxpool8 3 8
1.8715884685516357
9.761549711227417
deeppoly_maxpool8 4 8
1.897857666015625
9.989888906478882
deeppoly_maxpool8 5 8
1.8298687934875488
9.690358638763428
deeppoly_maxpool8 6 8
1.8958590030670166
9.98895812034607
deeppoly_maxpool8 7 8
1.9934885501861572
9.87690782546997
deeppoly_maxpool8 8 8
1.8832435607910156
9.747184038162231
deeppoly_maxpool8 9 8
1.9043149948120117
9.775138139724731
deeppoly_maxpool9 1 9
4.6592698097229
84.81752610206604
deeppoly_maxpool9 10 9
4.747357368469238
84.25562191009521
deeppoly_maxpool9 2 9
4.628032922744751
86.37418603897095
deeppoly_maxpool9 3 9
4.663036584854126
84.7386155128479
deeppoly_maxpool9 4 9
4.6601293087005615
84.35766172409058
deeppoly_maxpool9 5 9
4.73252534866333
84.93493795394897
deeppoly_maxpool9 6 9
4.668553113937378
84.92418766021729
deeppoly_maxpool9 7 9
4.7395594120025635
85.4778208732605
deeppoly_maxpool9 8 9
4.636735677719116
86.21353030204773
deeppoly_maxpool9 9 9
4.633987665176392
85.44206094741821
deeppoly_relu1 1 1
0.0733182430267334
0.04192543029785156
deeppoly_relu1 10 1
0.07659602165222168
0.0424954891204834
deeppoly_relu1 2 1
0.0735316276550293
0.04065847396850586
deeppoly_relu1 3 1
0.07342791557312012
0.04106712341308594
deeppoly_relu1 4 1
0.07202267646789551
0.040644168853759766
deeppoly_relu1 5 1
0.0754549503326416
0.041676998138427734
deeppoly_relu1 6 1
0.08487653732299805
0.04710507392883301
deeppoly_relu1 7 1
0.07545280456542969
0.042003631591796875
deeppoly_relu1 8 1
0.08322787284851074
0.045928001403808594
deeppoly_relu1 9 1
0.07853937149047852
0.04427361488342285
deeppoly_relu10 1 10
0.07398509979248047
0.04092836380004883
deeppoly_relu10 10 10
0.09113216400146484
0.04843497276306152
deeppoly_relu10 2 10
0.07332730293273926
0.041397809982299805
deeppoly_relu10 3 10
0.0732414722442627
0.041249990463256836
deeppoly_relu10 4 10
0.07820439338684082
0.04272031784057617
deeppoly_relu10 5 10
0.07824492454528809
0.044936180114746094
deeppoly_relu10 6 10
0.08602643013000488
0.04681730270385742
deeppoly_relu10 7 10
0.07963919639587402
0.04308366775512695
deeppoly_relu10 8 10
0.07378649711608887
0.042008399963378906
deeppoly_relu10 9 10
0.07928967475891113
0.04357266426086426
deeppoly_relu2 1 2
0.0741262435913086
0.04119443893432617
deeppoly_relu2 10 2
0.0736393928527832
0.04155373573303223
deeppoly_relu2 2 2
0.0836799144744873
0.045163631439208984
deeppoly_relu2 3 2
0.07465934753417969
0.04068613052368164
deeppoly_relu2 4 2
0.07519388198852539
0.04231905937194824
deeppoly_relu2 5 2
0.0756678581237793
0.04258561134338379
deeppoly_relu2 6 2
0.07397675514221191
0.04114580154418945
deeppoly_relu2 7 2
0.07494735717773438
0.041010141372680664
deeppoly_relu2 8 2
0.07419466972351074
0.04128313064575195
deeppoly_relu2 9 2
0.0798182487487793
0.0443873405456543
deeppoly_relu3 1 3
0.07373189926147461
0.04058337211608887
deeppoly_relu3 10 3
0.07260251045227051
0.041252851486206055
deeppoly_relu3 2 3
0.07647490501403809
0.042935848236083984
deeppoly_relu3 3 3
0.07481193542480469
0.041015625
deeppoly_relu3 4 3
0.07280230522155762
0.04074692726135254
deeppoly_relu3 5 3
0.0764303207397461
0.04045271873474121
deeppoly_relu3 6 3
0.07611703872680664
0.04191136360168457
deeppoly_relu3 7 3
0.07258915901184082
0.04016518592834473
deeppoly_relu3 8 3
0.08898162841796875
0.05189037322998047
deeppoly_relu3 9 3
0.07319211959838867
0.04068899154663086
deeppoly_relu4 1 4
0.07480692863464355
0.04217100143432617
deeppoly_relu4 10 4
0.0808708667755127
0.044538259506225586
deeppoly_relu4 2 4
0.07653427124023438
0.04256582260131836
deeppoly_relu4 3 4
0.07511615753173828
0.041434288024902344
deeppoly_relu4 4 4
0.07870125770568848
0.044148921966552734
deeppoly_relu4 5 4
0.07678437232971191
0.0422062873840332
deeppoly_relu4 6 4
0.0795133113861084
0.043459177017211914
deeppoly_relu4 7 4
0.07266592979431152
0.03987908363342285
deeppoly_relu4 8 4
0.07744717597961426
0.04207253456115723
deeppoly_relu4 9 4
0.0771796703338623
0.04285907745361328
deeppoly_relu5 1 5
0.09127664566040039
0.04917573928833008
deeppoly_relu5 10 5
0.07824397087097168
0.0431208610534668
deeppoly_relu5 2 5
0.08703756332397461
0.04570412635803223
deeppoly_relu5 3 5
0.08133220672607422
0.04311800003051758
deeppoly_relu5 4 5
0.07890439033508301
0.043012380599975586
deeppoly_relu5 5 5
0.08044695854187012
0.043096065521240234
deeppoly_relu5 6 5
0.07985210418701172
0.043735504150390625
deeppoly_relu5 7 5
0.07915186882019043
0.04324460029602051
deeppoly_relu5 8 5
0.07952570915222168
0.04317331314086914
deeppoly_relu5 9 5
0.0797271728515625
0.0428919792175293
deeppoly_relu6 1 6
0.07791256904602051
0.04295969009399414
deeppoly_relu6 10 6
0.08739733695983887
0.04792642593383789
deeppoly_relu6 2 6
0.07868218421936035
0.042661428451538086
deeppoly_relu6 3 6
0.07874584197998047
0.042634010314941406
deeppoly_relu6 4 6
0.07947182655334473
0.04395341873168945
deeppoly_relu6 5 6
0.07759976387023926
0.04267287254333496
deeppoly_relu6 6 6
0.0817251205444336
0.04499459266662598
deeppoly_relu6 7 6
0.08643293380737305
0.04702448844909668
deeppoly_relu6 8 6
0.0794229507446289
0.04363417625427246
deeppoly_relu6 9 6
0.08318471908569336
0.047209739685058594
deeppoly_relu7 1 7
0.09847164154052734
0.05303549766540527
deeppoly_relu7 10 7
0.07264971733093262
0.04073143005371094
deeppoly_relu7 2 7
0.08032107353210449
0.04359769821166992
deeppoly_relu7 3 7
0.07944607734680176
0.04280233383178711
deeppoly_relu7 4 7
0.08347964286804199
0.043190717697143555
deeppoly_relu7 5 7
0.0929250717163086
0.04825997352600098
deeppoly_relu7 6 7
0.07345294952392578
0.04100346565246582
deeppoly_relu7 7 7
0.07490158081054688
0.04226326942443848
deeppoly_relu7 8 7
0.08705306053161621
0.045366525650024414
deeppoly_relu7 9 7
0.07909989356994629
0.0447084903717041
deeppoly_relu8 1 8
0.07290792465209961
0.04087042808532715
deeppoly_relu8 10 8
0.07989883422851562
0.043977975845336914
deeppoly_relu8 2 8
0.08290982246398926
0.04467153549194336
deeppoly_relu8 3 8
0.07786321640014648
0.04143691062927246
deeppoly_relu8 4 8
0.07795381546020508
0.04334759712219238
deeppoly_relu8 5 8
0.08010268211364746
0.04492473602294922
deeppoly_relu8 6 8
0.07572364807128906
0.041373491287231445
deeppoly_relu8 7 8
0.07449626922607422
0.040651559829711914
deeppoly_relu8 8 8
0.07309865951538086
0.04123497009277344
deeppoly_relu8 9 8
0.08688974380493164
0.046180009841918945
deeppoly_relu9 1 9
0.07527875900268555
0.04259991645812988
deeppoly_relu9 10 9
0.07487869262695312
0.0413515567779541
deeppoly_relu9 2 9
0.07294702529907227
0.04097270965576172
deeppoly_relu9 3 9
0.07705259323120117
0.0404815673828125
deeppoly_relu9 4 9
0.0729670524597168
0.04072165489196777
deeppoly_relu9 5 9
0.0743107795715332
0.04099392890930176
deeppoly_relu9 6 9
0.07274365425109863
0.040352582931518555
deeppoly_relu9 7 9
0.07400321960449219
0.04143857955932617
deeppoly_relu9 8 9
0.07452082633972168
0.0418705940246582
deeppoly_relu9 9 9
0.07390785217285156
0.040838003158569336
fb_affine1 1 1
0.03507804870605469
0.011571884155273438
fb_affine1 10 1
1.0010623931884766
0.011358022689819336
fb_affine1 2 1
0.03587508201599121
0.010908365249633789
fb_affine1 3 1
0.04005289077758789
0.010934114456176758
fb_affine1 4 1
0.05060887336730957
0.011358261108398438
fb_affine1 5 1
0.06476974487304688
0.011068582534790039
fb_affine1 6 1
0.09568572044372559
0.011121988296508789
fb_affine1 7 1
0.15529346466064453
0.011388778686523438
fb_affine1 8 1
0.27548789978027344
0.011292219161987305
fb_affine1 9 1
0.5131020545959473
0.011244058609008789
fb_affine10 1 10
0.06681442260742188
0.011994600296020508
fb_affine10 10 10
2.527751922607422
0.013966560363769531
fb_affine10 2 10
0.09120416641235352
0.012462139129638672
fb_affine10 3 10
0.13714933395385742
0.012751102447509766
fb_affine10 4 10
0.20943188667297363
0.012707233428955078
fb_affine10 5 10
0.3703300952911377
0.01292872428894043
fb_affine10 6 10
0.6681113243103027
0.012958765029907227
fb_affine10 7 10
1.2617309093475342
0.01300358772277832
fb_affine10 8 10
2.448664903640747
0.01370096206665039
fb_affine10 9 10
2.42085337638855
0.013515233993530273
fb_affine2 1 2
0.036438941955566406
0.011002063751220703
fb_affine2 10 2
2.035944938659668
0.011867523193359375
fb_affine2 2 2
0.04276323318481445
0.011325597763061523
fb_affine2 3 2
0.05047202110290527
0.011157035827636719
fb_affine2 4 2
0.06941962242126465
0.01164865493774414
fb_affine2 5 2
0.09808588027954102
0.01134490966796875
fb_affine2 6 2
0.15755438804626465
0.01121973991394043
fb_affine2 7 2
0.27951955795288086
0.011394739151000977
fb_affine2 8 2
0.5223309993743896
0.011465072631835938
fb_affine2 9 2
1.0103046894073486
0.011498689651489258
fb_affine3 1 3
0.0397951602935791
0.011050224304199219
fb_affine3 10 3
2.3912394046783447
0.011835575103759766
fb_affine3 2 3
0.05080461502075195
0.011916875839233398
fb_affine3 3 3
0.060175418853759766
0.011314153671264648
fb_affine3 4 3
0.08511590957641602
0.011249542236328125
fb_affine3 5 3
0.1313323974609375
0.01140904426574707
fb_affine3 6 3
0.2215747833251953
0.011641740798950195
fb_affine3 7 3
0.4092726707458496
0.011862754821777344
fb_affine3 8 3
0.7662169933319092
0.01171255111694336
fb_affine3 9 3
1.5036654472351074
0.011985301971435547
fb_affine4 1 4
0.043962955474853516
0.011426925659179688
fb_affine4 10 4
2.436424732208252
0.012426376342773438
fb_affine4 2 4
0.05409073829650879
0.011654138565063477
fb_affine4 3 4
0.07025003433227539
0.011351823806762695
fb_affine4 4 4
0.10247015953063965
0.011617422103881836
fb_affine4 5 4
0.16463232040405273
0.01157522201538086
fb_affine4 6 4
0.2868518829345703
0.011738061904907227
fb_affine4 7 4
0.5335338115692139
0.012094497680664062
fb_affine4 8 4
1.1173574924468994
0.012938737869262695
fb_affine4 9 4
2.1560378074645996
0.012856721878051758
fb_affine5 1 5
0.050385475158691406
0.012029409408569336
fb_affine5 10 5
2.621765375137329
0.013724803924560547
fb_affine5 2 5
0.05955076217651367
0.011463642120361328
fb_affine5 3 5
0.08147835731506348
0.011754512786865234
fb_affine5 4 5
0.12973356246948242
0.012437582015991211
fb_affine5 5 5
0.20044612884521484
0.011873483657836914
fb_affine5 6 5
0.3728804588317871
0.01269388198852539
fb_affine5 7 5
0.6630759239196777
0.012328624725341797
fb_affine5 8 5
1.362565517425537
0.01307368278503418
fb_affine5 9 5
2.4181692600250244
0.012370586395263672
fb_affine6 1 6
0.05556821823120117
0.012288570404052734
fb_affine6 10 6
2.4616684913635254
0.012861013412475586
fb_affine6 2 6
0.06513023376464844
0.011527299880981445
fb_affine6 3 6
0.09130191802978516
0.01174783706665039
fb_affine6 4 6
0.13829278945922852
0.01196146011352539
fb_affine6 5 6
0.23189473152160645
0.011967897415161133
fb_affine6 6 6
0.4114096164703369
0.012189388275146484
fb_affine6 7 6
0.8046443462371826
0.012591123580932617
fb_affine6 8 6
1.5156993865966797
0.01255941390991211
fb_affine6 9 6
2.390878677368164
0.012632131576538086
fb_affine7 1 7
0.055069923400878906
0.01164865493774414
fb_affine7 10 7
2.6166982650756836
0.013733386993408203
fb_affine7 2 7
0.07384061813354492
0.01209878921508789
fb_affine7 3 7
0.10983943939208984
0.012927055358886719
fb_affine7 4 7
0.1565535068511963
0.012255668640136719
fb_affine7 5 7
0.2686896324157715
0.012265682220458984
fb_affine7 6 7
0.5148398876190186
0.013175249099731445
fb_affine7 7 7
0.9148688316345215
0.012943267822265625
fb_affine7 8 7
1.8936798572540283
0.01357889175415039
fb_affine7 9 7
2.4308807849884033
0.012939453125
fb_affine8 1 8
0.05924797058105469
0.011790275573730469
fb_affine8 10 8
2.477372646331787
0.013497114181518555
fb_affine8 2 8
0.07995796203613281
0.01221776008605957
fb_affine8 3 8
0.1131582260131836
0.01243448257446289
fb_affine8 4 8
0.17655324935913086
0.012262821197509766
fb_affine8 5 8
0.2986323833465576
0.012497425079345703
fb_affine8 6 8
0.5836656093597412
0.013667583465576172
fb_affine8 7 8
1.0254530906677246
0.012751102447509766
fb_affine8 8 8
1.979438066482544
0.012900829315185547
fb_affine8 9 8
2.5911331176757812
0.013919830322265625
fb_affine9 1 9
0.06394481658935547
0.012193679809570312
fb_affine9 10 9
2.4215171337127686
0.013465642929077148
fb_affine9 2 9
0.08301353454589844
0.012166500091552734
fb_affine9 3 9
0.12888407707214355
0.013095617294311523
fb_affine9 4 9
0.19201874732971191
0.01250910758972168
fb_affine9 5 9
0.333207368850708
0.012696266174316406
fb_affine9 6 9
0.6673383712768555
0.013676643371582031
fb_affine9 7 9
1.234586477279663
0.013671636581420898
fb_affine9 8 9
2.3202738761901855
0.013328313827514648
fb_affine9 9 9
2.6478567123413086
0.01427602767944336
fb_maxpool1 1 1
0.029958724975585938
0.013972282409667969
fb_maxpool1 10 1
0.03021240234375
0.01483774185180664
fb_maxpool1 2 1
0.030548572540283203
0.015208959579467773
fb_maxpool1 3 1
0.030193328857421875
0.014710664749145508
fb_maxpool1 4 1
0.03018975257873535
0.01425027847290039
fb_maxpool1 5 1
0.030543804168701172
0.01428365707397461
fb_maxpool1 6 1
0.030168771743774414
0.01423501968383789
fb_maxpool1 7 1
0.029874563217163086
0.014716863632202148
fb_maxpool1 8 1
0.030206680297851562
0.014228343963623047
fb_maxpool1 9 1
0.031691789627075195
0.014243125915527344
fb_maxpool10 1 10
0.04730486869812012
0.08978486061096191
fb_maxpool10 10 10
0.047492265701293945
0.09003424644470215
fb_maxpool10 2 10
0.04982352256774902
0.09103608131408691
fb_maxpool10 3 10
0.04749894142150879
0.0900416374206543
fb_maxpool10 4 10
0.0492706298828125
0.09103012084960938
fb_maxpool10 5 10
0.04726815223693848
0.09081220626831055
fb_maxpool10 6 10
0.04709815979003906
0.09289693832397461
fb_maxpool10 7 10
0.048337459564208984
0.0911719799041748
fb_maxpool10 8 10
0.04732680320739746
0.09159612655639648
fb_maxpool10 9 10
0.049547672271728516
0.0910041332244873
fb_maxpool2 1 2
0.03320789337158203
0.015525579452514648
fb_maxpool2 10 2
0.03166556358337402
0.01475381851196289
fb_maxpool2 2 2
0.03187108039855957
0.014836311340332031
fb_maxpool2 3 2
0.031743764877319336
0.014206409454345703
fb_maxpool2 4 2
0.031699180603027344
0.014754056930541992
fb_maxpool2 5 2
0.031233549118041992
0.0142974853515625
fb_maxpool2 6 2
0.031638145446777344
0.014909744262695312
fb_maxpool2 7 2
0.03149890899658203
0.01445317268371582
fb_maxpool2 8 2
0.03255128860473633
0.015272140502929688
fb_maxpool2 9 2
0.03160429000854492
0.014650583267211914
fb_maxpool3 1 3
0.03311014175415039
0.015090227127075195
fb_maxpool3 10 3
0.033109426498413086
0.015206336975097656
fb_maxpool3 2 3
0.03372025489807129
0.015450477600097656
fb_maxpool3 3 3
0.03337240219116211
0.015126705169677734
fb_maxpool3 4 3
0.03289055824279785
0.015497207641601562
fb_maxpool3 5 3
0.03328537940979004
0.015262603759765625
fb_maxpool3 6 3
0.03341054916381836
0.0157470703125
fb_maxpool3 7 3
0.03332948684692383
0.015377521514892578
fb_maxpool3 8 3
0.033135414123535156
0.015032052993774414
fb_maxpool3 9 3
0.032724618911743164
0.014918327331542969
fb_maxpool4 1 4
0.03475499153137207
0.015794038772583008
fb_maxpool4 10 4
0.03457331657409668
0.015387535095214844
fb_maxpool4 2 4
0.035474538803100586
0.01581096649169922
fb_maxpool4 3 4
0.03501296043395996
0.016387462615966797
fb_maxpool4 4 4
0.03462958335876465
0.01557469367980957
fb_maxpool4 5 4
0.0343937873840332
0.015522956848144531
fb_maxpool4 6 4
0.03508782386779785
0.016245126724243164
fb_maxpool4 7 4
0.03626561164855957
0.0163877010345459
fb_maxpool4 8 4
0.03507232666015625
0.016056060791015625
fb_maxpool4 9 4
0.03451037406921387
0.015613079071044922
fb_maxpool5 1 5
0.0368349552154541
0.017818450927734375
fb_maxpool5 10 5
0.03656148910522461
0.01673603057861328
fb_maxpool5 2 5
0.038948774337768555
0.01678323745727539
fb_maxpool5 3 5
0.0361478328704834
0.016922473907470703
fb_maxpool5 4 5
0.03662919998168945
0.016441822052001953
fb_maxpool5 5 5
0.0366511344909668
0.01683783531188965
fb_maxpool5 6 5
0.03727245330810547
0.017086505889892578
fb_maxpool5 7 5
0.03669023513793945
0.01703333854675293
fb_maxpool5 8 5
0.03680920600891113
0.01679253578186035
fb_maxpool5 9 5
0.036908864974975586
0.016867637634277344
fb_maxpool6 1 6
0.03858590126037598
0.018639564514160156
fb_maxpool6 10 6
0.03908729553222656
0.019030094146728516
fb_maxpool6 2 6
0.03875565528869629
0.019028425216674805
fb_maxpool6 3 6
0.03868913650512695
0.01914834976196289
fb_maxpool6 4 6
0.03864240646362305
0.019298553466796875
fb_maxpool6 5 6
0.03862357139587402
0.0186460018157959
fb_maxpool6 6 6
0.03896284103393555
0.019473791122436523
fb_maxpool6 7 6
0.04056072235107422
0.019476890563964844
fb_maxpool6 8 6
0.038796186447143555
0.018817901611328125
fb_maxpool6 9 6
0.04126286506652832
0.019628047943115234
fb_maxpool7 1 7
0.042410850524902344
0.023024797439575195
fb_maxpool7 10 7
0.0404815673828125
0.022296905517578125
fb_maxpool7 2 7
0.041312456130981445
0.02189159393310547
fb_maxpool7 3 7
0.041001081466674805
0.022464990615844727
fb_maxpool7 4 7
0.04026484489440918
0.02220463752746582
fb_maxpool7 5 7
0.04051375389099121
0.022417306900024414
fb_maxpool7 6 7
0.042203664779663086
0.022877931594848633
fb_maxpool7 7 7
0.04276275634765625
0.0221402645111084
fb_maxpool7 8 7
0.047673702239990234
0.024618148803710938
fb_maxpool7 9 7
0.04086899757385254
0.022373437881469727
fb_maxpool8 1 8
0.043471336364746094
0.030822277069091797
fb_maxpool8 10 8
0.042710304260253906
0.02899003028869629
fb_maxpool8 2 8
0.042769432067871094
0.028438568115234375
fb_maxpool8 3 8
0.04244828224182129
0.028213024139404297
fb_maxpool8 4 8
0.04230952262878418
0.027974367141723633
fb_maxpool8 5 8
0.0426328182220459
0.02820873260498047
fb_maxpool8 6 8
0.04245877265930176
0.028296947479248047
fb_maxpool8 7 8
0.042931556701660156
0.02848219871520996
fb_maxpool8 8 8
0.04270029067993164
0.02830672264099121
fb_maxpool8 9 8
0.043572425842285156
0.029435396194458008
fb_maxpool9 1 9
0.04875946044921875
0.04500436782836914
fb_maxpool9 10 9
0.04476785659790039
0.044986724853515625
fb_maxpool9 2 9
0.04505300521850586
0.04348397254943848
fb_maxpool9 3 9
0.04704642295837402
0.04373025894165039
fb_maxpool9 4 9
0.044948577880859375
0.043749094009399414
fb_maxpool9 5 9
0.04561328887939453
0.04371047019958496
fb_maxpool9 6 9
0.04563331604003906
0.044321537017822266
fb_maxpool9 7 9
0.04606294631958008
0.04625368118286133
fb_maxpool9 8 9
0.04481244087219238
0.04497122764587402
fb_maxpool9 9 9
0.04641270637512207
0.04421210289001465
fb_relu1 1 1
0.09717464447021484
0.05287957191467285
fb_relu1 10 1
0.09869527816772461
0.05408048629760742
fb_relu1 2 1
0.09961199760437012
0.05314278602600098
fb_relu1 3 1
0.09920907020568848
0.054039955139160156
fb_relu1 4 1
0.10022258758544922
0.05517315864562988
fb_relu1 5 1
0.09755921363830566
0.05331897735595703
fb_relu1 6 1
0.10224008560180664
0.05492830276489258
fb_relu1 7 1
0.09894442558288574
0.05478525161743164
fb_relu1 8 1
0.10210227966308594
0.05444025993347168
fb_relu1 9 1
0.0970616340637207
0.05298113822937012
fb_relu10 1 10
0.11700963973999023
0.06181168556213379
fb_relu10 10 10
0.11968588829040527
0.061985015869140625
fb_relu10 2 10
0.11973166465759277
0.06210041046142578
fb_relu10 3 10
0.11599326133728027
0.060274600982666016
fb_relu10 4 10
0.11716151237487793
0.06085395812988281
fb_relu10 5 10
0.11877775192260742
0.06295132637023926
fb_relu10 6 10
0.1149740219116211
0.06089329719543457
fb_relu10 7 10
0.1177823543548584
0.06170916557312012
fb_relu10 8 10
0.11849069595336914
0.061287879943847656
fb_relu10 9 10
0.12009310722351074
0.06100106239318848
fb_relu2 1 2
0.11273360252380371
0.05934476852416992
fb_relu2 10 2
0.09915828704833984
0.05476784706115723
fb_relu2 2 2
0.10056543350219727
0.05605912208557129
fb_relu2 3 2
0.10764026641845703
0.058380842208862305
fb_relu2 4 2
0.09862422943115234
0.05381178855895996
fb_relu2 5 2
0.10167384147644043
0.053763389587402344
fb_relu2 6 2
0.10145211219787598
0.05466198921203613
fb_relu2 7 2
0.1007070541381836
0.05490279197692871
fb_relu2 8 2
0.10367798805236816
0.05454874038696289
fb_relu2 9 2
0.10028219223022461
0.05470609664916992
fb_relu3 1 3
0.10100603103637695
0.05491924285888672
fb_relu3 10 3
0.10225415229797363
0.0551607608795166
fb_relu3 2 3
0.10320734977722168
0.05692887306213379
fb_relu3 3 3
0.10164284706115723
0.05483102798461914
fb_relu3 4 3
0.10142803192138672
0.05548977851867676
fb_relu3 5 3
0.10243463516235352
0.05550885200500488
fb_relu3 6 3
0.10316014289855957
0.05670666694641113
fb_relu3 7 3
0.10990190505981445
0.05783486366271973
fb_relu3 8 3
0.103240966796875
0.05614924430847168
fb_relu3 9 3
0.1041402816772461
0.055965423583984375
fb_relu4 1 4
0.10601997375488281
0.05850958824157715
fb_relu4 10 4
0.10564470291137695
0.057741641998291016
fb_relu4 2 4
0.10602045059204102
0.055748939514160156
fb_relu4 3 4
0.1043548583984375
0.05600738525390625
fb_relu4 4 4
0.10552525520324707
0.05675363540649414
fb_relu4 5 4
0.10669970512390137
0.05607008934020996
fb_relu4 6 4
0.10478401184082031
0.05815768241882324
fb_relu4 7 4
0.10820293426513672
0.056789398193359375
fb_relu4 8 4
0.10346007347106934
0.055579185485839844
fb_relu4 9 4
0.1053764820098877
0.05611062049865723
fb_relu5 1 5
0.10728597640991211
0.05820512771606445
fb_relu5 10 5
0.10967874526977539
0.05900287628173828
fb_relu5 2 5
0.11224055290222168
0.0589907169342041
fb_relu5 3 5
0.10672926902770996
0.056470394134521484
fb_relu5 4 5
0.10727882385253906
0.057207345962524414
fb_relu5 5 5
0.10607385635375977
0.055681705474853516
fb_relu5 6 5
0.10656952857971191
0.056409597396850586
fb_relu5 7 5
0.11275744438171387
0.059398651123046875
fb_relu5 8 5
0.10875201225280762
0.05661797523498535
fb_relu5 9 5
0.11141657829284668
0.05822300910949707
fb_relu6 1 6
0.10872673988342285
0.05868983268737793
fb_relu6 10 6
0.10761570930480957
0.05682635307312012
fb_relu6 2 6
0.11142683029174805
0.05866241455078125
fb_relu6 3 6
0.11635255813598633
0.06026911735534668
fb_relu6 4 6
0.1109158992767334
0.05928182601928711
fb_relu6 5 6
0.1079258918762207
0.05724596977233887
fb_relu6 6 6
0.12026548385620117
0.06252074241638184
fb_relu6 7 6
0.10941147804260254
0.05779719352722168
fb_relu6 8 6
0.10935831069946289
0.05861091613769531
fb_relu6 9 6
0.11151814460754395
0.05790281295776367
fb_relu7 1 7
0.11401677131652832
0.061867475509643555
fb_relu7 10 7
0.11587047576904297
0.06049776077270508
fb_relu7 2 7
0.1106727123260498
0.05839204788208008
fb_relu7 3 7
0.11214232444763184
0.0611269474029541
fb_relu7 4 7
0.11244964599609375
0.06201601028442383
fb_relu7 5 7
0.11297941207885742
0.060518741607666016
fb_relu7 6 7
0.12282562255859375
0.06301212310791016
fb_relu7 7 7
0.11263775825500488
0.06069374084472656
fb_relu7 8 7
0.11053299903869629
0.05885195732116699
fb_relu7 9 7
0.11275982856750488
0.059535980224609375
fb_relu8 1 8
0.11358022689819336
0.06074261665344238
fb_relu8 10 8
0.11423110961914062
0.060355186462402344
fb_relu8 2 8
0.1179800033569336
0.06064629554748535
fb_relu8 3 8
0.1136159896850586
0.061498165130615234
fb_relu8 4 8
0.11258649826049805
0.05976748466491699
fb_relu8 5 8
0.11435794830322266
0.06038022041320801
fb_relu8 6 8
0.11257028579711914
0.059477806091308594
fb_relu8 7 8
0.11559009552001953
0.061519622802734375
fb_relu8 8 8
0.11661195755004883
0.060919761657714844
fb_relu8 9 8
0.11457324028015137
0.061490535736083984
fb_relu9 1 9
0.1180415153503418
0.06145429611206055
fb_relu9 10 9
0.1175069808959961
0.06267380714416504
fb_relu9 2 9
0.11719965934753418
0.06186318397521973
fb_relu9 3 9
0.11913800239562988
0.06016850471496582
fb_relu9 4 9
0.11977243423461914
0.06197237968444824
fb_relu9 5 9
0.12034988403320312
0.0607762336730957
fb_relu9 6 9
0.11449313163757324
0.0604705810546875
fb_relu9 7 9
0.12415122985839844
0.06460094451904297
fb_relu9 8 9
0.11688041687011719
0.059844017028808594
fb_relu9 9 9
0.11677265167236328
0.06105375289916992
ibp_affine1 1 1
0.020520925521850586
0.006630420684814453
ibp_affine1 10 1
0.01916980743408203
0.006270408630371094
ibp_affine1 2 1
0.019102096557617188
0.006189823150634766
ibp_affine1 3 1
0.018958568572998047
0.006239414215087891
ibp_affine1 4 1
0.02050495147705078
0.0066149234771728516
ibp_affine1 5 1
0.019013643264770508
0.006159782409667969
ibp_affine1 6 1
0.01910710334777832
0.006176471710205078
ibp_affine1 7 1
0.018982648849487305
0.0061991214752197266
ibp_affine1 8 1
0.018944740295410156
0.006226539611816406
ibp_affine1 9 1
0.01896834373474121
0.006221294403076172
ibp_affine10 1 10
0
0
ibp_affine2 1 2
0.020084857940673828
0.007100105285644531
ibp_affine2 10 2
0.020006418228149414
0.007132291793823242
ibp_affine2 2 2
0.02021193504333496
0.007067441940307617
ibp_affine2 3 2
0.021663427352905273
0.007702827453613281
ibp_affine2 4 2
0.020196199417114258
0.0070972442626953125
ibp_affine2 5 2
0.020262718200683594
0.0071489810943603516
ibp_affine2 6 2
0.020302772521972656
0.007142782211303711
ibp_affine2 7 2
0.020490646362304688
0.007193326950073242
ibp_affine2 8 2
0.020472288131713867
0.007151603698730469
ibp_affine2 9 2
0.02040410041809082
0.0072252750396728516
ibp_affine3 1 3
0.023183345794677734
0.01010751724243164
ibp_affine3 10 3
0.021478652954101562
0.009429931640625
ibp_affine3 2 3
0.02191305160522461
0.009590625762939453
ibp_affine3 3 3
0.021553993225097656
0.009400129318237305
ibp_affine3 4 3
0.02166914939880371
0.009453773498535156
ibp_affine3 5 3
0.022106170654296875
0.009694576263427734
ibp_affine3 6 3
0.021630048751831055
0.0094451904296875
ibp_affine3 7 3
0.021503448486328125
0.009363651275634766
ibp_affine3 8 3
0.02158188819885254
0.00925898551940918
ibp_affine3 9 3
0.02174091339111328
0.009439945220947266
ibp_affine4 1 4
0.024170637130737305
0.018779277801513672
ibp_affine4 10 4
0.02344036102294922
0.018275737762451172
ibp_affine4 2 4
0.025313615798950195
0.01985931396484375
ibp_affine4 3 4
0.023760080337524414
0.018655776977539062
ibp_affine4 4 4
0.023656368255615234
0.018421649932861328
ibp_affine4 5 4
0.024023771286010742
0.018872976303100586
ibp_affine4 6 4
0.023746013641357422
0.018401622772216797
ibp_affine4 7 4
0.023557662963867188
0.018453598022460938
ibp_affine4 8 4
0.023745298385620117
0.01880192756652832
ibp_affine4 9 4
0.023858070373535156
0.018790483474731445
ibp_affine5 1 5
0.027495145797729492
0.06317901611328125
ibp_affine5 10 5
0.026517391204833984
0.06071615219116211
ibp_affine5 2 5
0.02655029296875
0.061151742935180664
ibp_affine5 3 5
0.026262283325195312
0.05976080894470215
ibp_affine5 4 5
0.026801109313964844
0.06181931495666504
ibp_affine5 5 5
0.026528358459472656
0.061011314392089844
ibp_affine5 6 5
0.026566743850708008
0.06045842170715332
ibp_affine5 7 5
0.02631974220275879
0.05995512008666992
ibp_affine5 8 5
0.026475906372070312
0.060334205627441406
ibp_affine5 9 5
0.02890300750732422
0.06556177139282227
ibp_affine6 1 6
0.03166794776916504
0.313854455947876
ibp_affine6 10 6
0.034032583236694336
0.33539342880249023
ibp_affine6 2 6
0.03149604797363281
0.30702996253967285
ibp_affine6 3 6
0.03414416313171387
0.33634066581726074
ibp_affine6 4 6
0.03133082389831543
0.31145429611206055
ibp_affine6 5 6
0.031186819076538086
0.3102550506591797
ibp_affine6 6 6
0.033944129943847656
0.33643436431884766
ibp_affine6 7 6
0.03404688835144043
0.33645176887512207
ibp_affine6 8 6
0.03193187713623047
0.3157641887664795
ibp_affine6 9 6
0.0337369441986084
0.3394763469696045
ibp_affine7 1 7
0.04035234451293945
2.246405839920044
ibp_affine7 10 7
0.039520978927612305
2.1783576011657715
ibp_affine7 2 7
0.04283761978149414
2.4033517837524414
ibp_affine7 3 7
0.04306983947753906
2.390829563140869
ibp_affine7 4 7
0.04048967361450195
2.24613356590271
ibp_affine7 5 7
0.03966808319091797
2.1805529594421387
ibp_affine7 6 7
0.0430598258972168
2.40067720413208
ibp_affine7 7 7
0.040236711502075195
2.234774112701416
ibp_affine7 8 7
0.042905569076538086
2.3942534923553467
ibp_affine7 9 7
0.042923927307128906
2.384093761444092
ibp_affine8 1 8
0
0
ibp_affine9 1 9
0
0
ibp_maxpool1 1 1
0.017866134643554688
0.007634401321411133
ibp_maxpool1 10 1
0.018146038055419922
0.007380247116088867
ibp_maxpool1 2 1
0.017874479293823242
0.007704496383666992
ibp_maxpool1 3 1
0.017946481704711914
0.007405757904052734
ibp_maxpool1 4 1
0.017838478088378906
0.00720524787902832
ibp_maxpool1 5 1
0.0188446044921875
0.008383750915527344
ibp_maxpool1 6 1
0.01828789710998535
0.007815837860107422
ibp_maxpool1 7 1
0.01920294761657715
0.0077135562896728516
ibp_maxpool1 8 1
0.01791691780090332
0.007580995559692383
ibp_maxpool1 9 1
0.01807689666748047
0.007699012756347656
ibp_maxpool10 1 10
0.038763999938964844
0.1986250877380371
ibp_maxpool10 10 10
0.03856348991394043
0.19374799728393555
ibp_maxpool10 2 10
0.03821563720703125
0.1973581314086914
ibp_maxpool10 3 10
0.04034543037414551
0.19402527809143066
ibp_maxpool10 4 10
0.039122819900512695
0.2005023956298828
ibp_maxpool10 5 10
0.03845548629760742
0.19652128219604492
ibp_maxpool10 6 10
0.0381016731262207
0.1966862678527832
ibp_maxpool10 7 10
0.038689374923706055
0.19449329376220703
ibp_maxpool10 8 10
0.03794670104980469
0.19547057151794434
ibp_maxpool10 9 10
0.03806495666503906
0.19258546829223633
ibp_maxpool2 1 2
0.018859148025512695
0.008033037185668945
ibp_maxpool2 10 2
0.018787860870361328
0.007812023162841797
ibp_maxpool2 2 2
0.0189054012298584
0.007897377014160156
ibp_maxpool2 3 2
0.01883864402770996
0.008392333984375
ibp_maxpool2 4 2
0.019028902053833008
0.008475780487060547
ibp_maxpool2 5 2
0.01872849464416504
0.00870513916015625
ibp_maxpool2 6 2
0.01885366439819336
0.008753061294555664
ibp_maxpool2 7 2
0.01877140998840332
0.008192777633666992
ibp_maxpool2 8 2
0.018746137619018555
0.007787466049194336
ibp_maxpool2 9 2
0.018797874450683594
0.008143901824951172
ibp_maxpool3 1 3
0.019868135452270508
0.009181499481201172
ibp_maxpool3 10 3
0.020109891891479492
0.009350061416625977
ibp_maxpool3 2 3
0.021346092224121094
0.00956416130065918
ibp_maxpool3 3 3
0.020096778869628906
0.00914311408996582
ibp_maxpool3 4 3
0.02001786231994629
0.009090662002563477
ibp_maxpool3 5 3
0.020160913467407227
0.009122371673583984
ibp_maxpool3 6 3
0.02006244659423828
0.009387969970703125
ibp_maxpool3 7 3
0.020353078842163086
0.008843660354614258
ibp_maxpool3 8 3
0.02009868621826172
0.009214162826538086
ibp_maxpool3 9 3
0.020479202270507812
0.00904083251953125
ibp_maxpool4 1 4
0.02183699607849121
0.01088571548461914
ibp_maxpool4 10 4
0.021586894989013672
0.010518312454223633
ibp_maxpool4 2 4
0.021930456161499023
0.01077413558959961
ibp_maxpool4 3 4
0.021692991256713867
0.01004481315612793
ibp_maxpool4 4 4
0.02187657356262207
0.010995149612426758
ibp_maxpool4 5 4
0.021852493286132812
0.010865211486816406
ibp_maxpool4 6 4
0.021543025970458984
0.010954141616821289
ibp_maxpool4 7 4
0.021732807159423828
0.011217117309570312
ibp_maxpool4 8 4
0.02162313461303711
0.010759830474853516
ibp_maxpool4 9 4
0.021865129470825195
0.01056671142578125
ibp_maxpool5 1 5
0.02354121208190918
0.014430999755859375
ibp_maxpool5 10 5
0.023641586303710938
0.014028549194335938
ibp_maxpool5 2 5
0.024820327758789062
0.014145135879516602
ibp_maxpool5 3 5
0.02402472496032715
0.014045953750610352
ibp_maxpool5 4 5
0.02501201629638672
0.014400482177734375
ibp_maxpool5 5 5
0.02345895767211914
0.013857126235961914
ibp_maxpool5 6 5
0.023617267608642578
0.013894796371459961
ibp_maxpool5 7 5
0.02343916893005371
0.013608932495117188
ibp_maxpool5 8 5
0.024815797805786133
0.015187740325927734
ibp_maxpool5 9 5
0.02398204803466797
0.013776779174804688
ibp_maxpool6 1 6
0.025817155838012695
0.019872665405273438
ibp_maxpool6 10 6
0.025597333908081055
0.019603729248046875
ibp_maxpool6 2 6
0.025594472885131836
0.019844532012939453
ibp_maxpool6 3 6
0.02580571174621582
0.01996898651123047
ibp_maxpool6 4 6
0.025581836700439453
0.019701480865478516
ibp_maxpool6 5 6
0.02608513832092285
0.019893884658813477
ibp_maxpool6 6 6
0.025829553604125977
0.019568204879760742
ibp_maxpool6 7 6
0.026006698608398438
0.019625186920166016
ibp_maxpool6 8 6
0.026119709014892578
0.021346569061279297
ibp_maxpool6 9 6
0.025875091552734375
0.019472122192382812
ibp_maxpool7 1 7
0.02803206443786621
0.03336501121520996
ibp_maxpool7 10 7
0.029392719268798828
0.034380197525024414
ibp_maxpool7 2 7
0.02845478057861328
0.031054973602294922
ibp_maxpool7 3 7
0.02839970588684082
0.031099796295166016
ibp_maxpool7 4 7
0.02797698974609375
0.031069278717041016
ibp_maxpool7 5 7
0.02864861488342285
0.03133559226989746
ibp_maxpool7 6 7
0.028560638427734375
0.031327009201049805
ibp_maxpool7 7 7
0.028208017349243164
0.031034231185913086
ibp_maxpool7 8 7
0.028489351272583008
0.03079819679260254
ibp_maxpool7 9 7
0.02802753448486328
0.03038954734802246
ibp_maxpool8 1 8
0.031063318252563477
0.04835152626037598
ibp_maxpool8 10 8
0.0332944393157959
0.04840826988220215
ibp_maxpool8 2 8
0.031206369400024414
0.048639774322509766
ibp_maxpool8 3 8
0.03139066696166992
0.04733991622924805
ibp_maxpool8 4 8
0.031935691833496094
0.048415422439575195
ibp_maxpool8 5 8
0.030649900436401367
0.04829883575439453
ibp_maxpool8 6 8
0.03173089027404785
0.04810619354248047
ibp_maxpool8 7 8
0.03102731704711914
0.047609567642211914
ibp_maxpool8 8 8
0.03347325325012207
0.05202126502990723
ibp_maxpool8 9 8
0.03172922134399414
0.04855751991271973
ibp_maxpool9 1 9
0.035428524017333984
0.09226250648498535
ibp_maxpool9 10 9
0.03450489044189453
0.0917806625366211
ibp_maxpool9 2 9
0.03466963768005371
0.09286355972290039
ibp_maxpool9 3 9
0.034128427505493164
0.09175443649291992
ibp_maxpool9 4 9
0.03452181816101074
0.0932321548461914
ibp_maxpool9 5 9
0.03482198715209961
0.0914301872253418
ibp_maxpool9 6 9
0.0344998836517334
0.09213709831237793
ibp_maxpool9 7 9
0.03554558753967285
0.09312820434570312
ibp_maxpool9 8 9
0.03522372245788574
0.09240198135375977
ibp_maxpool9 9 9
0.03474926948547363
0.09195399284362793
ibp_relu1 1 1
0.040155887603759766
0.020676136016845703
ibp_relu1 10 1
0.041478633880615234
0.02167534828186035
ibp_relu1 2 1
0.03969740867614746
0.02077174186706543
ibp_relu1 3 1
0.043343305587768555
0.021718740463256836
ibp_relu1 4 1
0.03953671455383301
0.020349740982055664
ibp_relu1 5 1
0.039665937423706055
0.02054119110107422
ibp_relu1 6 1
0.039697885513305664
0.020829439163208008
ibp_relu1 7 1
0.039652109146118164
0.02089691162109375
ibp_relu1 8 1
0.04090142250061035
0.02124619483947754
ibp_relu1 9 1
0.03989982604980469
0.0203857421875
ibp_relu10 1 10
0.0396878719329834
0.020789384841918945
ibp_relu10 10 10
0.039977312088012695
0.02117133140563965
ibp_relu10 2 10
0.03966546058654785
0.021178483963012695
ibp_relu10 3 10
0.04001045227050781
0.020766496658325195
ibp_relu10 4 10
0.03974723815917969
0.02037358283996582
ibp_relu10 5 10
0.040035247802734375
0.020796537399291992
ibp_relu10 6 10
0.040010929107666016
0.020183801651000977
ibp_relu10 7 10
0.039296865463256836
0.020354032516479492
ibp_relu10 8 10
0.03962373733520508
0.0215301513671875
ibp_relu10 9 10
0.039652347564697266
0.020908832550048828
ibp_relu2 1 2
0.04565262794494629
0.02305126190185547
ibp_relu2 10 2
0.0479278564453125
0.024871349334716797
ibp_relu2 2 2
0.04158902168273926
0.021317720413208008
ibp_relu2 3 2
0.04000568389892578
0.020740270614624023
ibp_relu2 4 2
0.04132795333862305
0.02080392837524414
ibp_relu2 5 2
0.039077043533325195
0.020005226135253906
ibp_relu2 6 2
0.0420536994934082
0.021425247192382812
ibp_relu2 7 2
0.04010319709777832
0.02079033851623535
ibp_relu2 8 2
0.039845943450927734
0.021436691284179688
ibp_relu2 9 2
0.03964519500732422
0.020520687103271484
ibp_relu3 1 3
0.03906750679016113
0.020151615142822266
ibp_relu3 10 3
0.03978276252746582
0.020978450775146484
ibp_relu3 2 3
0.04079174995422363
0.021097898483276367
ibp_relu3 3 3
0.04079723358154297
0.02081012725830078
ibp_relu3 4 3
0.04068875312805176
0.02063918113708496
ibp_relu3 5 3
0.04109025001525879
0.020757198333740234
ibp_relu3 6 3
0.039624929428100586
0.021252155303955078
ibp_relu3 7 3
0.04251384735107422
0.02169179916381836
ibp_relu3 8 3
0.04015207290649414
0.020862817764282227
ibp_relu3 9 3
0.039553165435791016
0.020435810089111328
ibp_relu4 1 4
0.040024757385253906
0.02008986473083496
ibp_relu4 10 4
0.039637088775634766
0.020178556442260742
ibp_relu4 2 4
0.03944802284240723
0.02057027816772461
ibp_relu4 3 4
0.03954744338989258
0.02042222023010254
ibp_relu4 4 4
0.042481422424316406
0.021571874618530273
ibp_relu4 5 4
0.039736032485961914
0.020045042037963867
ibp_relu4 6 4
0.04274606704711914
0.021666288375854492
ibp_relu4 7 4
0.03975868225097656
0.02085590362548828
ibp_relu4 8 4
0.04273414611816406
0.02182912826538086
ibp_relu4 9 4
0.0408480167388916
0.020875930786132812
ibp_relu5 1 5
0.03956961631774902
0.020470380783081055
ibp_relu5 10 5
0.040219783782958984
0.02077937126159668
ibp_relu5 2 5
0.0411381721496582
0.02099895477294922
ibp_relu5 3 5
0.041098594665527344
0.021549463272094727
ibp_relu5 4 5
0.04523277282714844
0.0235292911529541
ibp_relu5 5 5
0.039699554443359375
0.020502090454101562
ibp_relu5 6 5
0.04047727584838867
0.021258831024169922
ibp_relu5 7 5
0.04083371162414551
0.021247386932373047
ibp_relu5 8 5
0.03969407081604004
0.021606922149658203
ibp_relu5 9 5
0.039469242095947266
0.020401477813720703
ibp_relu6 1 6
0.039536476135253906
0.02060556411743164
ibp_relu6 10 6
0.03906702995300293
0.020165681838989258
ibp_relu6 2 6
0.039276838302612305
0.01987624168395996
ibp_relu6 3 6
0.042181968688964844
0.020717859268188477
ibp_relu6 4 6
0.0395355224609375
0.020255565643310547
ibp_relu6 5 6
0.03951764106750488
0.020777225494384766
ibp_relu6 6 6
0.039800167083740234
0.02066946029663086
ibp_relu6 7 6
0.03932547569274902
0.02079033851623535
ibp_relu6 8 6
0.039612531661987305
0.02046036720275879
ibp_relu6 9 6
0.03954887390136719
0.020458221435546875
ibp_relu7 1 7
0.03996014595031738
0.020717859268188477
ibp_relu7 10 7
0.04094839096069336
0.021655559539794922
ibp_relu7 2 7
0.040201663970947266
0.02097320556640625
ibp_relu7 3 7
0.03931069374084473
0.020818233489990234
ibp_relu7 4 7
0.03933143615722656
0.020450353622436523
ibp_relu7 5 7
0.042203664779663086
0.0220334529876709
ibp_relu7 6 7
0.040709495544433594
0.021678924560546875
ibp_relu7 7 7
0.04465055465698242
0.022701263427734375
ibp_relu7 8 7
0.039875030517578125
0.020419597625732422
ibp_relu7 9 7
0.040129899978637695
0.020597219467163086
ibp_relu8 1 8
0.039513349533081055
0.02047562599182129
ibp_relu8 10 8
0.040132999420166016
0.0209653377532959
ibp_relu8 2 8
0.04387712478637695
0.023444175720214844
ibp_relu8 3 8
0.03937935829162598
0.020563125610351562
ibp_relu8 4 8
0.03970766067504883
0.02103424072265625
ibp_relu8 5 8
0.039543867111206055
0.02065563201904297
ibp_relu8 6 8
0.03983259201049805
0.020819902420043945
ibp_relu8 7 8
0.03960752487182617
0.020750761032104492
ibp_relu8 8 8
0.03983283042907715
0.020712614059448242
ibp_relu8 9 8
0.03950381278991699
0.020430326461791992
ibp_relu9 1 9
0.04004096984863281
0.021033525466918945
ibp_relu9 10 9
0.0399785041809082
0.021135568618774414
ibp_relu9 2 9
0.0397031307220459
0.021352291107177734
ibp_relu9 3 9
0.039587974548339844
0.02029728889465332
ibp_relu9 4 9
0.041779279708862305
0.02152228355407715
ibp_relu9 5 9
0.03964090347290039
0.021231651306152344
ibp_relu9 6 9
0.04190492630004883
0.021190881729125977
ibp_relu9 7 9
0.03952956199645996
0.020989179611206055
ibp_relu9 8 9
0.040085554122924805
0.020937442779541016
ibp_relu9 9 9
0.039818763732910156
0.02053523063659668
polyzono_affine1 1 1
0.0788266658782959
0.015326499938964844
polyzono_affine1 2 1
0.08520340919494629
0.016857624053955078
polyzono_affine1 3 1
0.09325194358825684
0.02016592025756836
polyzono_affine1 4 1
0.11140608787536621
0.03056812286376953
polyzono_affine1 5 1
0.16981744766235352
0.07405829429626465
polyzono_affine1 6 1
0.49612998962402344
0.28332948684692383
polyzono_affine1 7 1
2.6694858074188232
1.538606882095337
polyzono_affine1 8 1
0
0
polyzono_affine10 1 10
0.08961606025695801
0.01618337631225586
polyzono_affine10 2 10
0.09732770919799805
0.018038272857666016
polyzono_affine10 3 10
0.10748696327209473
0.025972843170166016
polyzono_affine10 4 10
0.1255183219909668
0.04993438720703125
polyzono_affine10 5 10
0.2089366912841797
0.09062433242797852
polyzono_affine10 6 10
0.5779955387115479
0.9814548492431641
polyzono_affine10 7 10
5.6005942821502686
13.698433876037598
polyzono_affine10 8 10
0
0
polyzono_affine2 1 2
0.08109712600708008
0.01559138298034668
polyzono_affine2 2 2
0.08604049682617188
0.01760268211364746
polyzono_affine2 3 2
0.09612131118774414
0.021164417266845703
polyzono_affine2 4 2
0.11423587799072266
0.031196117401123047
polyzono_affine2 5 2
0.17325544357299805
0.07194209098815918
polyzono_affine2 6 2
0.46691465377807617
0.2719919681549072
polyzono_affine2 7 2
2.7150912284851074
1.5735852718353271
polyzono_affine2 8 2
0
0
polyzono_affine3 1 3
0.08133888244628906
0.015350580215454102
polyzono_affine3 2 3
0.08747601509094238
0.017345666885375977
polyzono_affine3 3 3
0.09614443778991699
0.020572900772094727
polyzono_affine3 4 3
0.11372995376586914
0.03082275390625
polyzono_affine3 5 3
0.184004545211792
0.07628965377807617
polyzono_affine3 6 3
0.5331497192382812
0.2847745418548584
polyzono_affine3 7 3
2.7039012908935547
1.5589745044708252
polyzono_affine3 8 3
0
0
polyzono_affine4 1 4
0.08387136459350586
0.016041040420532227
polyzono_affine4 2 4
0.0889275074005127
0.017410993576049805
polyzono_affine4 3 4
0.0979464054107666
0.02417778968811035
polyzono_affine4 4 4
0.11817455291748047
0.03699016571044922
polyzono_affine4 5 4
0.1884443759918213
0.07813811302185059
polyzono_affine4 6 4
0.46500182151794434
0.3163924217224121
polyzono_affine4 7 4
2.8717992305755615
1.6617867946624756
polyzono_affine4 8 4
0
0
polyzono_affine5 1 5
0.08345651626586914
0.015686511993408203
polyzono_affine5 2 5
0.09710407257080078
0.019054174423217773
polyzono_affine5 3 5
0.1069948673248291
0.022499799728393555
polyzono_affine5 4 5
0.11990952491760254
0.0437779426574707
polyzono_affine5 5 5
0.17365312576293945
0.07082033157348633
polyzono_affine5 6 5
0.5037398338317871
0.27327919006347656
polyzono_affine5 7 5
2.638857841491699
1.5350861549377441
polyzono_affine5 8 5
0
0
polyzono_affine6 1 6
0.08439445495605469
0.01547861099243164
polyzono_affine6 2 6
0.09244942665100098
0.018251895904541016
polyzono_affine6 3 6
0.10400533676147461
0.026530981063842773
polyzono_affine6 4 6
0.11999988555908203
0.044023752212524414
polyzono_affine6 5 6
0.17518377304077148
0.13447093963623047
polyzono_affine6 6 6
0.46637916564941406
0.2664031982421875
polyzono_affine6 7 6
3.7766001224517822
1.6306419372558594
polyzono_affine6 8 6
0
0
polyzono_affine7 1 7
0.09227991104125977
0.01712799072265625
polyzono_affine7 2 7
0.09424972534179688
0.01791667938232422
polyzono_affine7 3 7
0.1040956974029541
0.024562358856201172
polyzono_affine7 4 7
0.12946844100952148
0.052904367446899414
polyzono_affine7 5 7
0.19653654098510742
0.09261822700500488
polyzono_affine7 6 7
0.47452640533447266
0.27646565437316895
polyzono_affine7 7 7
3.746320962905884
1.7045512199401855
polyzono_affine7 8 7
0
0
polyzono_affine8 1 8
0.09296131134033203
0.017212629318237305
polyzono_affine8 2 8
0.09590029716491699
0.018750429153442383
polyzono_affine8 3 8
0.10304546356201172
0.02375006675720215
polyzono_affine8 4 8
0.12132143974304199
0.036168575286865234
polyzono_affine8 5 8
0.1968841552734375
0.20386195182800293
polyzono_affine8 6 8
0.5737683773040771
0.2861497402191162
polyzono_affine8 7 8
4.435990571975708
3.9277162551879883
polyzono_affine8 8 8
0
0
polyzono_affine9 1 9
0.0949251651763916
0.01709747314453125
polyzono_affine9 2 9
0.10364818572998047
0.01930093765258789
polyzono_affine9 3 9
0.10670304298400879
0.025369644165039062
polyzono_affine9 4 9
0.12387204170227051
0.0643153190612793
polyzono_affine9 5 9
0.19376277923583984
0.08673930168151855
polyzono_affine9 6 9
0.6111142635345459
1.274524450302124
polyzono_affine9 7 9
4.4703028202056885
3.322497844696045
polyzono_affine9 8 9
0
0
polyzono_maxpool1 1 1
0.038365840911865234
0.015518426895141602
polyzono_maxpool1 10 1
0.043558359146118164
0.016627073287963867
polyzono_maxpool1 2 1
0.03821825981140137
0.01528167724609375
polyzono_maxpool1 3 1
0.039365291595458984
0.015611886978149414
polyzono_maxpool1 4 1
0.039412736892700195
0.01582622528076172
polyzono_maxpool1 5 1
0.04297208786010742
0.017171621322631836
polyzono_maxpool1 6 1
0.04018998146057129
0.01598215103149414
polyzono_maxpool1 7 1
0.04122161865234375
0.016190767288208008
polyzono_maxpool1 8 1
0.04191088676452637
0.016162872314453125
polyzono_maxpool1 9 1
0.041953086853027344
0.015718698501586914
polyzono_maxpool10 1 10
0
0
polyzono_maxpool2 1 2
0.04348301887512207
0.08655261993408203
polyzono_maxpool2 10 2
0.05023074150085449
0.10405898094177246
polyzono_maxpool2 2 2
0.0449063777923584
0.09303140640258789
polyzono_maxpool2 3 2
0.04799199104309082
0.10215973854064941
polyzono_maxpool2 4 2
0.04581451416015625
0.10114645957946777
polyzono_maxpool2 5 2
0.045664310455322266
0.14685821533203125
polyzono_maxpool2 6 2
0.047078847885131836
0.11038517951965332
polyzono_maxpool2 7 2
0.04761385917663574
0.035692453384399414
polyzono_maxpool2 8 2
0.04772233963012695
0.11424994468688965
polyzono_maxpool2 9 2
0.04840588569641113
0.12179827690124512
polyzono_maxpool3 1 3
0.05624866485595703
0.4369645118713379
polyzono_maxpool3 2 3
0.05743145942687988
0.4972550868988037
polyzono_maxpool3 3 3
0.058112144470214844
0.6008744239807129
polyzono_maxpool3 4 3
0.058858633041381836
0.5390961170196533
polyzono_maxpool3 5 3
0.06383109092712402
0.5717365741729736
polyzono_maxpool3 6 3
0.05981183052062988
1.4851689338684082
polyzono_maxpool3 7 3
0.061783552169799805
38.544379234313965
polyzono_maxpool3 8 3
0
0
polyzono_maxpool4 1 4
0.09286713600158691
44.97558259963989
polyzono_maxpool4 10 4
0.10052156448364258
84.17679190635681
polyzono_maxpool4 2 4
0.08727860450744629
61.57185435295105
polyzono_maxpool4 3 4
0.08722734451293945
46.65804743766785
polyzono_maxpool4 4 4
0.08873271942138672
25.082256078720093
polyzono_maxpool4 5 4
0.08820772171020508
30.376506567001343
polyzono_maxpool4 6 4
0.08838319778442383
32.95941138267517
polyzono_maxpool4 7 4
0.09263157844543457
24.675703763961792
polyzono_maxpool4 8 4
0.09854483604431152
45.14080882072449
polyzono_maxpool4 9 4
0.09202861785888672
25.452585697174072
polyzono_maxpool5 1 5
0
0
polyzono_maxpool6 1 6
0
0
polyzono_maxpool7 1 7
0
0
polyzono_maxpool8 1 8
0
0
polyzono_maxpool9 1 9
0
0
polyzono_relu1 1 1
0.09390926361083984
0.045674800872802734
polyzono_relu1 10 1
0.10489916801452637
0.0485081672668457
polyzono_relu1 2 1
0.10177969932556152
0.04906415939331055
polyzono_relu1 3 1
0.09592986106872559
0.04636740684509277
polyzono_relu1 4 1
0.09983015060424805
0.048410654067993164
polyzono_relu1 5 1
0.09922623634338379
0.04817485809326172
polyzono_relu1 6 1
0.10153603553771973
0.04892086982727051
polyzono_relu1 7 1
0.10325741767883301
0.04958200454711914
polyzono_relu1 8 1
0.1044621467590332
0.04921269416809082
polyzono_relu1 9 1
0.1043386459350586
0.049109458923339844
polyzono_relu10 1 10
0.09474968910217285
0.0458223819732666
polyzono_relu10 10 10
0.10759520530700684
0.049961090087890625
polyzono_relu10 2 10
0.09624838829040527
0.04694223403930664
polyzono_relu10 3 10
0.09579777717590332
0.04656243324279785
polyzono_relu10 4 10
0.10007190704345703
0.04826617240905762
polyzono_relu10 5 10
0.10175943374633789
0.04839277267456055
polyzono_relu10 6 10
0.09985113143920898
0.04806780815124512
polyzono_relu10 7 10
0.10374641418457031
0.04956841468811035
polyzono_relu10 8 10
0.10599446296691895
0.049707889556884766
polyzono_relu10 9 10
0.10578179359436035
0.04949378967285156
polyzono_relu2 1 2
0.09310245513916016
0.04549574851989746
polyzono_relu2 10 2
0.1050410270690918
0.0487518310546875
polyzono_relu2 2 2
0.09418272972106934
0.045362234115600586
polyzono_relu2 3 2
0.09885144233703613
0.04765009880065918
polyzono_relu2 4 2
0.0976555347442627
0.047412872314453125
polyzono_relu2 5 2
0.10006117820739746
0.04832601547241211
polyzono_relu2 6 2
0.10219192504882812
0.048989057540893555
polyzono_relu2 7 2
0.10363245010375977
0.04976940155029297
polyzono_relu2 8 2
0.10338592529296875
0.048462629318237305
polyzono_relu2 9 2
0.10646367073059082
0.05054211616516113
polyzono_relu3 1 3
0.09392023086547852
0.045676469802856445
polyzono_relu3 10 3
0.10443377494812012
0.048346757888793945
polyzono_relu3 2 3
0.09591245651245117
0.046593666076660156
polyzono_relu3 3 3
0.09532809257507324
0.04655909538269043
polyzono_relu3 4 3
0.09707093238830566
0.047113656997680664
polyzono_relu3 5 3
0.10096955299377441
0.04865312576293945
polyzono_relu3 6 3
0.10039258003234863
0.048113107681274414
polyzono_relu3 7 3
0.1007387638092041
0.048564910888671875
polyzono_relu3 8 3
0.10477137565612793
0.04915904998779297
polyzono_relu3 9 3
0.10724854469299316
0.05049252510070801
polyzono_relu4 1 4
0.0956730842590332
0.04613614082336426
polyzono_relu4 10 4
0.1061551570892334
0.04898428916931152
polyzono_relu4 2 4
0.09474587440490723
0.045701026916503906
polyzono_relu4 3 4
0.09628510475158691
0.04662609100341797
polyzono_relu4 4 4
0.09965658187866211
0.048432350158691406
polyzono_relu4 5 4
0.10157132148742676
0.0486757755279541
polyzono_relu4 6 4
0.10024404525756836
0.04800677299499512
polyzono_relu4 7 4
0.10350227355957031
0.049454450607299805
polyzono_relu4 8 4
0.10288214683532715
0.048531293869018555
polyzono_relu4 9 4
0.10585641860961914
0.050093889236450195
polyzono_relu5 1 5
0.09508728981018066
0.046092987060546875
polyzono_relu5 10 5
0.10559201240539551
0.04835367202758789
polyzono_relu5 2 5
0.09401583671569824
0.045880794525146484
polyzono_relu5 3 5
0.09773516654968262
0.047714948654174805
polyzono_relu5 4 5
0.09734773635864258
0.04723310470581055
polyzono_relu5 5 5
0.09974312782287598
0.048189401626586914
polyzono_relu5 6 5
0.10160541534423828
0.04849553108215332
polyzono_relu5 7 5
0.1038515567779541
0.04955148696899414
polyzono_relu5 8 5
0.10599946975708008
0.05022072792053223
polyzono_relu5 9 5
0.1061100959777832
0.04953908920288086
polyzono_relu6 1 6
0.0949857234954834
0.046198368072509766
polyzono_relu6 10 6
0.10593461990356445
0.04910135269165039
polyzono_relu6 2 6
0.09619808197021484
0.04647350311279297
polyzono_relu6 3 6
0.09829878807067871
0.04831123352050781
polyzono_relu6 4 6
0.0969233512878418
0.04715585708618164
polyzono_relu6 5 6
0.09891128540039062
0.04764604568481445
polyzono_relu6 6 6
0.10239577293395996
0.04946255683898926
polyzono_relu6 7 6
0.10185408592224121
0.04843783378601074
polyzono_relu6 8 6
0.10404682159423828
0.04928469657897949
polyzono_relu6 9 6
0.1070871353149414
0.05057883262634277
polyzono_relu7 1 7
0.0964202880859375
0.0466916561126709
polyzono_relu7 10 7
0.10492396354675293
0.04828238487243652
polyzono_relu7 2 7
0.09582233428955078
0.04615950584411621
polyzono_relu7 3 7
0.09671711921691895
0.04690694808959961
polyzono_relu7 4 7
0.09865117073059082
0.047849178314208984
polyzono_relu7 5 7
0.1009528636932373
0.0485837459564209
polyzono_relu7 6 7
0.09964561462402344
0.04738450050354004
polyzono_relu7 7 7
0.10361981391906738
0.04962635040283203
polyzono_relu7 8 7
0.10244274139404297
0.04809975624084473
polyzono_relu7 9 7
0.10639548301696777
0.05024003982543945
polyzono_relu8 1 8
0.09383702278137207
0.045500755310058594
polyzono_relu8 10 8
0.10607481002807617
0.04914665222167969
polyzono_relu8 2 8
0.09401631355285645
0.045281171798706055
polyzono_relu8 3 8
0.09754753112792969
0.047446489334106445
polyzono_relu8 4 8
0.09744071960449219
0.047382354736328125
polyzono_relu8 5 8
0.10255265235900879
0.049407243728637695
polyzono_relu8 6 8
0.10052251815795898
0.04824519157409668
polyzono_relu8 7 8
0.10382866859436035
0.04960918426513672
polyzono_relu8 8 8
0.10191154479980469
0.04795026779174805
polyzono_relu8 9 8
0.10612368583679199
0.05051708221435547
polyzono_relu9 1 9
0.09479761123657227
0.046187400817871094
polyzono_relu9 10 9
0.10516047477722168
0.048476457595825195
polyzono_relu9 2 9
0.09632992744445801
0.04651236534118652
polyzono_relu9 3 9
0.09714412689208984
0.046582937240600586
polyzono_relu9 4 9
0.09965062141418457
0.048233985900878906
polyzono_relu9 5 9
0.1022806167602539
0.04922890663146973
polyzono_relu9 6 9
0.10166740417480469
0.04875612258911133
polyzono_relu9 7 9
0.10264730453491211
0.04937577247619629
polyzono_relu9 8 9
0.10280251502990723
0.04819655418395996
polyzono_relu9 9 9
0.1068425178527832
0.05042600631713867
refinezono_affine1 1 1
0.031065702438354492
0.011249303817749023
refinezono_affine1 10 1
0.03535175323486328
0.012035608291625977
refinezono_affine1 2 1
0.03183698654174805
0.011619091033935547
refinezono_affine1 3 1
0.032183170318603516
0.011853933334350586
refinezono_affine1 4 1
0.03365683555603027
0.011925458908081055
refinezono_affine1 5 1
0.034384965896606445
0.012181758880615234
refinezono_affine1 6 1
0.03618502616882324
0.012693643569946289
refinezono_affine1 7 1
0.03393125534057617
0.011809349060058594
refinezono_affine1 8 1
0.03464984893798828
0.011973857879638672
refinezono_affine1 9 1
0.0353083610534668
0.012169122695922852
refinezono_affine10 1 10
0.04491114616394043
0.012694120407104492
refinezono_affine10 10 10
0.05840921401977539
0.014075279235839844
refinezono_affine10 2 10
0.0448765754699707
0.012400388717651367
refinezono_affine10 3 10
0.047318458557128906
0.012681007385253906
refinezono_affine10 4 10
0.047830820083618164
0.012990474700927734
refinezono_affine10 5 10
0.05337119102478027
0.013791322708129883
refinezono_affine10 6 10
0.05095624923706055
0.012929916381835938
refinezono_affine10 7 10
0.05358600616455078
0.013253211975097656
refinezono_affine10 8 10
0.0545198917388916
0.01343393325805664
refinezono_affine10 9 10
0.05627274513244629
0.013578653335571289
refinezono_affine2 1 2
0.0348048210144043
0.012282371520996094
refinezono_affine2 10 2
0.03749585151672363
0.011998414993286133
refinezono_affine2 2 2
0.03407740592956543
0.012105226516723633
refinezono_affine2 3 2
0.0350341796875
0.012105941772460938
refinezono_affine2 4 2
0.034754276275634766
0.011824607849121094
refinezono_affine2 5 2
0.03748917579650879
0.0126190185546875
refinezono_affine2 6 2
0.03591036796569824
0.01211690902709961
refinezono_affine2 7 2
0.03611874580383301
0.012103557586669922
refinezono_affine2 8 2
0.03725600242614746
0.012332916259765625
refinezono_affine2 9 2
0.037349700927734375
0.01221919059753418
refinezono_affine3 1 3
0.03366899490356445
0.011640787124633789
refinezono_affine3 10 3
0.03966379165649414
0.012222766876220703
refinezono_affine3 2 3
0.03470969200134277
0.011879444122314453
refinezono_affine3 3 3
0.03578805923461914
0.012012004852294922
refinezono_affine3 4 3
0.038576364517211914
0.012863636016845703
refinezono_affine3 5 3
0.03652071952819824
0.012063980102539062
refinezono_affine3 6 3
0.03732180595397949
0.012235403060913086
refinezono_affine3 7 3
0.03778362274169922
0.012110233306884766
refinezono_affine3 8 3
0.038820743560791016
0.012318134307861328
refinezono_affine3 9 3
0.040177106857299805
0.012505769729614258
refinezono_affine4 1 4
0.03519296646118164
0.011877298355102539
refinezono_affine4 10 4
0.04380464553833008
0.012960195541381836
refinezono_affine4 2 4
0.03580212593078613
0.011788606643676758
refinezono_affine4 3 4
0.03665971755981445
0.012041807174682617
refinezono_affine4 4 4
0.037487030029296875
0.012006044387817383
refinezono_affine4 5 4
0.03855252265930176
0.012270927429199219
refinezono_affine4 6 4
0.039136409759521484
0.012110233306884766
refinezono_affine4 7 4
0.040451765060424805
0.01228952407836914
refinezono_affine4 8 4
0.04112362861633301
0.01251530647277832
refinezono_affine4 9 4
0.04234743118286133
0.01274418830871582
refinezono_affine5 1 5
0.03612232208251953
0.01178598403930664
refinezono_affine5 10 5
0.046540260314941406
0.013066291809082031
refinezono_affine5 2 5
0.0378720760345459
0.01213216781616211
refinezono_affine5 3 5
0.03965163230895996
0.012397289276123047
refinezono_affine5 4 5
0.04091691970825195
0.012654542922973633
refinezono_affine5 5 5
0.03998374938964844
0.01213526725769043
refinezono_affine5 6 5
0.0445249080657959
0.013503551483154297
refinezono_affine5 7 5
0.04319405555725098
0.012767553329467773
refinezono_affine5 8 5
0.04281282424926758
0.01253056526184082
refinezono_affine5 9 5
0.047454118728637695
0.013615608215332031
refinezono_affine6 1 6
0.03944969177246094
0.012336254119873047
refinezono_affine6 10 6
0.04816436767578125
0.012953758239746094
refinezono_affine6 2 6
0.04172682762145996
0.013029813766479492
refinezono_affine6 3 6
0.0414888858795166
0.012685775756835938
refinezono_affine6 4 6
0.04055070877075195
0.012296438217163086
refinezono_affine6 5 6
0.041727304458618164
0.012487411499023438
refinezono_affine6 6 6
0.0433804988861084
0.012531042098999023
refinezono_affine6 7 6
0.04460263252258301
0.012685537338256836
refinezono_affine6 8 6
0.048776865005493164
0.013657093048095703
refinezono_affine6 9 6
0.046501874923706055
0.01285552978515625
refinezono_affine7 1 7
0.03961491584777832
0.012140750885009766
refinezono_affine7 10 7
0.04995083808898926
0.013075113296508789
refinezono_affine7 2 7
0.04187822341918945
0.012662410736083984
refinezono_affine7 3 7
0.041886329650878906
0.012595891952514648
refinezono_affine7 4 7
0.04581189155578613
0.01341700553894043
refinezono_affine7 5 7
0.043711185455322266
0.012425899505615234
refinezono_affine7 6 7
0.04488515853881836
0.012544631958007812
refinezono_affine7 7 7
0.04584169387817383
0.01254415512084961
refinezono_affine7 8 7
0.051230669021606445
0.013841629028320312
refinezono_affine7 9 7
0.05064225196838379
0.013494729995727539
refinezono_affine8 1 8
0.04051852226257324
0.01200556755065918
refinezono_affine8 10 8
0.05242609977722168
0.01325225830078125
refinezono_affine8 2 8
0.04537367820739746
0.013157367706298828
refinezono_affine8 3 8
0.043116092681884766
0.012413740158081055
refinezono_affine8 4 8
0.04476213455200195
0.012591123580932617
refinezono_affine8 5 8
0.04584789276123047
0.012709856033325195
refinezono_affine8 6 8
0.047042131423950195
0.012810707092285156
refinezono_affine8 7 8
0.04918694496154785
0.012911081314086914
refinezono_affine8 8 8
0.05001044273376465
0.012977838516235352
refinezono_affine8 9 8
0.050797462463378906
0.013193368911743164
refinezono_affine9 1 9
0.043149709701538086
0.012465476989746094
refinezono_affine9 10 9
0.05429577827453613
0.013205766677856445
refinezono_affine9 2 9
0.04330706596374512
0.012350797653198242
refinezono_affine9 3 9
0.04483461380004883
0.012441873550415039
refinezono_affine9 4 9
0.04670214653015137
0.012875080108642578
refinezono_affine9 5 9
0.04745626449584961
0.012670278549194336
refinezono_affine9 6 9
0.04957413673400879
0.012900590896606445
refinezono_affine9 7 9
0.05073952674865723
0.013035297393798828
refinezono_affine9 8 9
0.05416083335876465
0.01387333869934082
refinezono_affine9 9 9
0.053192853927612305
0.013070106506347656
refinezono_maxpool1 1 1
0.031124353408813477
0.012553930282592773
refinezono_maxpool1 10 1
0.034696102142333984
0.013230085372924805
refinezono_maxpool1 2 1
0.030593156814575195
0.012408256530761719
refinezono_maxpool1 3 1
0.0317230224609375
0.012778282165527344
refinezono_maxpool1 4 1
0.03270745277404785
0.01301431655883789
refinezono_maxpool1 5 1
0.03463888168334961
0.013833045959472656
refinezono_maxpool1 6 1
0.03214430809020996
0.012850761413574219
refinezono_maxpool1 7 1
0.03270602226257324
0.013303995132446289
refinezono_maxpool1 8 1
0.033156633377075195
0.01329803466796875
refinezono_maxpool1 9 1
0.034235477447509766
0.013602972030639648
refinezono_maxpool10 1 10
0
0
refinezono_maxpool2 1 2
0.03297567367553711
0.03618621826171875
refinezono_maxpool2 10 2
0.03772854804992676
0.01913928985595703
refinezono_maxpool2 2 2
0.03341054916381836
0.03849673271179199
refinezono_maxpool2 3 2
0.034035444259643555
0.03447675704956055
refinezono_maxpool2 4 2
0.034372806549072266
0.03601241111755371
refinezono_maxpool2 5 2
0.036444902420043945
0.03725552558898926
refinezono_maxpool2 6 2
0.035947561264038086
0.03703188896179199
refinezono_maxpool2 7 2
0.03885149955749512
0.04688382148742676
refinezono_maxpool2 8 2
0.03642606735229492
0.03981781005859375
refinezono_maxpool2 9 2
0.03793478012084961
0.019104480743408203
refinezono_maxpool3 1 3
0.038027048110961914
0.7090845108032227
refinezono_maxpool3 10 3
0.046898603439331055
2.202392816543579
refinezono_maxpool3 2 3
0.03785419464111328
0.6962997913360596
refinezono_maxpool3 3 3
0.03907489776611328
1.0315470695495605
refinezono_maxpool3 4 3
0.04230999946594238
1.114562749862671
refinezono_maxpool3 5 3
0.040520668029785156
1.288619041442871
refinezono_maxpool3 6 3
0.04024100303649902
1.2944262027740479
refinezono_maxpool3 7 3
0.04137063026428223
0.9791042804718018
refinezono_maxpool3 8 3
0.04522252082824707
2.252809524536133
refinezono_maxpool3 9 3
0.0435023307800293
3.2092652320861816
refinezono_maxpool4 1 4
0
0
refinezono_maxpool5 1 5
0
0
refinezono_maxpool6 1 6
0
0
refinezono_maxpool7 1 7
0
0
refinezono_maxpool8 1 8
0
0
refinezono_maxpool9 1 9
0
0
refinezono_relu1 1 1
0.07575559616088867
0.03632855415344238
refinezono_relu1 10 1
0.08552861213684082
0.039678096771240234
refinezono_relu1 2 1
0.07874774932861328
0.03745436668395996
refinezono_relu1 3 1
0.07731246948242188
0.03694605827331543
refinezono_relu1 4 1
0.07781863212585449
0.03712320327758789
refinezono_relu1 5 1
0.0797886848449707
0.03784441947937012
refinezono_relu1 6 1
0.08193516731262207
0.03882241249084473
refinezono_relu1 7 1
0.08225464820861816
0.0382080078125
refinezono_relu1 8 1
0.08383679389953613
0.03951311111450195
refinezono_relu1 9 1
0.08370137214660645
0.039286136627197266
refinezono_relu10 1 10
0.07672882080078125
0.03684520721435547
refinezono_relu10 10 10
0.08553528785705566
0.03950619697570801
refinezono_relu10 2 10
0.07637381553649902
0.036618709564208984
refinezono_relu10 3 10
0.07798886299133301
0.0373845100402832
refinezono_relu10 4 10
0.08109188079833984
0.0387873649597168
refinezono_relu10 5 10
0.08043384552001953
0.03801918029785156
refinezono_relu10 6 10
0.08190584182739258
0.03858757019042969
refinezono_relu10 7 10
0.08182883262634277
0.03789567947387695
refinezono_relu10 8 10
0.08303689956665039
0.039203643798828125
refinezono_relu10 9 10
0.08430123329162598
0.03952646255493164
refinezono_relu2 1 2
0.07525277137756348
0.036153554916381836
refinezono_relu2 10 2
0.08475303649902344
0.03915762901306152
refinezono_relu2 2 2
0.0787961483001709
0.03737044334411621
refinezono_relu2 3 2
0.0782003402709961
0.03774595260620117
refinezono_relu2 4 2
0.0806267261505127
0.038537025451660156
refinezono_relu2 5 2
0.08013653755187988
0.037937164306640625
refinezono_relu2 6 2
0.08043456077575684
0.03776669502258301
refinezono_relu2 7 2
0.08198809623718262
0.038385629653930664
refinezono_relu2 8 2
0.0838780403137207
0.03948259353637695
refinezono_relu2 9 2
0.08357977867126465
0.03946685791015625
refinezono_relu3 1 3
0.07738208770751953
0.037114620208740234
refinezono_relu3 10 3
0.0863804817199707
0.039720773696899414
refinezono_relu3 2 3
0.07783627510070801
0.03740334510803223
refinezono_relu3 3 3
0.07734298706054688
0.037181854248046875
refinezono_relu3 4 3
0.07993507385253906
0.03843402862548828
refinezono_relu3 5 3
0.07936549186706543
0.03746461868286133
refinezono_relu3 6 3
0.08196640014648438
0.03895831108093262
refinezono_relu3 7 3
0.08191418647766113
0.03880643844604492
refinezono_relu3 8 3
0.08467626571655273
0.039891958236694336
refinezono_relu3 9 3
0.08542633056640625
0.04019951820373535
refinezono_relu4 1 4
0.07502937316894531
0.035881757736206055
refinezono_relu4 10 4
0.08454465866088867
0.03913521766662598
refinezono_relu4 2 4
0.07808709144592285
0.03731536865234375
refinezono_relu4 3 4
0.07784914970397949
0.037409067153930664
refinezono_relu4 4 4
0.0776674747467041
0.036985158920288086
refinezono_relu4 5 4
0.08036088943481445
0.03861880302429199
refinezono_relu4 6 4
0.08174467086791992
0.03861570358276367
refinezono_relu4 7 4
0.08158159255981445
0.03824448585510254
refinezono_relu4 8 4
0.0832512378692627
0.038864850997924805
refinezono_relu4 9 4
0.08615446090698242
0.04083585739135742
refinezono_relu5 1 5
0.0749509334564209
0.036075592041015625
refinezono_relu5 10 5
0.08605146408081055
0.0397953987121582
refinezono_relu5 2 5
0.07670927047729492
0.03668498992919922
refinezono_relu5 3 5
0.07901740074157715
0.038094282150268555
refinezono_relu5 4 5
0.0781404972076416
0.037459611892700195
refinezono_relu5 5 5
0.0793755054473877
0.037717342376708984
refinezono_relu5 6 5
0.08215761184692383
0.03858494758605957
refinezono_relu5 7 5
0.08229184150695801
0.03851819038391113
refinezono_relu5 8 5
0.08354616165161133
0.03946948051452637
refinezono_relu5 9 5
0.08316922187805176
0.039278507232666016
refinezono_relu6 1 6
0.0753774642944336
0.03637290000915527
refinezono_relu6 10 6
0.08421087265014648
0.03887462615966797
refinezono_relu6 2 6
0.07724356651306152
0.03675675392150879
refinezono_relu6 3 6
0.07671618461608887
0.03687024116516113
refinezono_relu6 4 6
0.0795891284942627
0.03829765319824219
refinezono_relu6 5 6
0.0810701847076416
0.03875470161437988
refinezono_relu6 6 6
0.0822303295135498
0.0388336181640625
refinezono_relu6 7 6
0.08201742172241211
0.03862118721008301
refinezono_relu6 8 6
0.08558297157287598
0.04027819633483887
refinezono_relu6 9 6
0.08506178855895996
0.04021477699279785
refinezono_relu7 1 7
0.07688689231872559
0.036913394927978516
refinezono_relu7 10 7
0.08480620384216309
0.03919076919555664
refinezono_relu7 2 7
0.07666587829589844
0.03668332099914551
refinezono_relu7 3 7
0.0789639949798584
0.03792285919189453
refinezono_relu7 4 7
0.08013486862182617
0.0383148193359375
refinezono_relu7 5 7
0.07954120635986328
0.037819623947143555
refinezono_relu7 6 7
0.08177971839904785
0.038591861724853516
refinezono_relu7 7 7
0.08232593536376953
0.03866100311279297
refinezono_relu7 8 7
0.08391618728637695
0.03939056396484375
refinezono_relu7 9 7
0.08411288261413574
0.03923320770263672
refinezono_relu8 1 8
0.07626819610595703
0.03672003746032715
refinezono_relu8 10 8
0.08501625061035156
0.03929495811462402
refinezono_relu8 2 8
0.07793211936950684
0.03760242462158203
refinezono_relu8 3 8
0.07790756225585938
0.03737783432006836
refinezono_relu8 4 8
0.0782630443572998
0.03729724884033203
refinezono_relu8 5 8
0.08089137077331543
0.03864860534667969
refinezono_relu8 6 8
0.08073592185974121
0.0383448600769043
refinezono_relu8 7 8
0.08105254173278809
0.0379178524017334
refinezono_relu8 8 8
0.08337950706481934
0.03884768486022949
refinezono_relu8 9 8
0.08549356460571289
0.04052233695983887
refinezono_relu9 1 9
0.07546210289001465
0.036153316497802734
refinezono_relu9 10 9
0.08576059341430664
0.03959918022155762
refinezono_relu9 2 9
0.07776522636413574
0.03728127479553223
refinezono_relu9 3 9
0.08030390739440918
0.03866767883300781
refinezono_relu9 4 9
0.07888340950012207
0.03797745704650879
refinezono_relu9 5 9
0.07920503616333008
0.03767967224121094
refinezono_relu9 6 9
0.08006739616394043
0.03778529167175293
refinezono_relu9 7 9
0.0824429988861084
0.038565874099731445
refinezono_relu9 8 9
0.08355569839477539
0.03920412063598633
refinezono_relu9 9 9
0.0831918716430664
0.03933095932006836
zono_affine1 1 1
0.027387380599975586
0.009649991989135742
zono_affine1 10 1
0.029996633529663086
0.010027647018432617
zono_affine1 2 1
0.026565074920654297
0.009526968002319336
zono_affine1 3 1
0.026111364364624023
0.009225130081176758
zono_affine1 4 1
0.026312589645385742
0.009278535842895508
zono_affine1 5 1
0.0279390811920166
0.009748458862304688
zono_affine1 6 1
0.02725958824157715
0.009376049041748047
zono_affine1 7 1
0.02746891975402832
0.009450912475585938
zono_affine1 8 1
0.02910923957824707
0.009804487228393555
zono_affine1 9 1
0.030570030212402344
0.010201454162597656
zono_affine10 1 10
0
0
zono_affine2 1 2
0.02711009979248047
0.01022195816040039
zono_affine2 10 2
0.03169894218444824
0.010497808456420898
zono_affine2 2 2
0.02727532386779785
0.010126590728759766
zono_affine2 3 2
0.027777671813964844
0.010218620300292969
zono_affine2 4 2
0.028249740600585938
0.010318517684936523
zono_affine2 5 2
0.02900218963623047
0.010338544845581055
zono_affine2 6 2
0.029483795166015625
0.010424375534057617
zono_affine2 7 2
0.029894590377807617
0.010523796081542969
zono_affine2 8 2
0.03289079666137695
0.011187076568603516
zono_affine2 9 2
0.03130173683166504
0.010410785675048828
zono_affine3 1 3
0.02981877326965332
0.012884378433227539
zono_affine3 10 3
0.03863096237182617
0.013812541961669922
zono_affine3 2 3
0.03064894676208496
0.012995481491088867
zono_affine3 3 3
0.030064821243286133
0.012511253356933594
zono_affine3 4 3
0.03072214126586914
0.012704849243164062
zono_affine3 5 3
0.03277254104614258
0.01325368881225586
zono_affine3 6 3
0.03202080726623535
0.012821674346923828
zono_affine3 7 3
0.033026933670043945
0.012818574905395508
zono_affine3 8 3
0.033182382583618164
0.012804746627807617
zono_affine3 9 3
0.033742427825927734
0.012758970260620117
zono_affine4 1 4
0.031018495559692383
0.02188277244567871
zono_affine4 10 4
0.041001081466674805
0.023846149444580078
zono_affine4 2 4
0.03225111961364746
0.02182626724243164
zono_affine4 3 4
0.03397798538208008
0.022668123245239258
zono_affine4 4 4
0.033995628356933594
0.021845579147338867
zono_affine4 5 4
0.0341181755065918
0.021628379821777344
zono_affine4 6 4
0.03635907173156738
0.022687196731567383
zono_affine4 7 4
0.03600955009460449
0.022022485733032227
zono_affine4 8 4
0.03799915313720703
0.022838830947875977
zono_affine4 9 4
0.0374913215637207
0.022294044494628906
zono_affine5 1 5
0.03472495079040527
0.06286931037902832
zono_affine5 10 5
0.04232430458068848
0.06402444839477539
zono_affine5 2 5
0.03615713119506836
0.0646657943725586
zono_affine5 3 5
0.03677201271057129
0.06380867958068848
zono_affine5 4 5
0.04012298583984375
0.06915426254272461
zono_affine5 5 5
0.03803586959838867
0.0639946460723877
zono_affine5 6 5
0.038732051849365234
0.06351470947265625
zono_affine5 7 5
0.04023909568786621
0.06517481803894043
zono_affine5 8 5
0.04068255424499512
0.0641324520111084
zono_affine5 9 5
0.04192757606506348
0.06520485877990723
zono_affine6 1 6
0.04289889335632324
0.34060001373291016
zono_affine6 10 6
0.0525820255279541
0.339890718460083
zono_affine6 2 6
0.04106450080871582
0.31034255027770996
zono_affine6 3 6
0.04512596130371094
0.3387882709503174
zono_affine6 4 6
0.046434640884399414
0.33956384658813477
zono_affine6 5 6
0.04405546188354492
0.31594014167785645
zono_affine6 6 6
0.04838681221008301
0.3400614261627197
zono_affine6 7 6
0.04561877250671387
0.3103148937225342
zono_affine6 8 6
0.05019068717956543
0.33841657638549805
zono_affine6 9 6
0.04728531837463379
0.31081557273864746
zono_affine7 1 7
0.05315208435058594
2.391434669494629
zono_affine7 10 7
0.05871391296386719
2.186169385910034
zono_affine7 2 7
0.04997658729553223
2.1854302883148193
zono_affine7 3 7
0.054572343826293945
2.3938260078430176
zono_affine7 4 7
0.05701494216918945
2.3892886638641357
zono_affine7 5 7
0.052971601486206055
2.2019898891448975
zono_affine7 6 7
0.05788540840148926
2.3981592655181885
zono_affine7 7 7
0.054694175720214844
2.18753981590271
zono_affine7 8 7
0.05594944953918457
2.203737497329712
zono_affine7 9 7
0.061263084411621094
2.395867347717285
zono_affine8 1 8
0
0
zono_affine9 1 9
0
0
zono_maxpool1 1 1
0.02485060691833496
0.00930476188659668
zono_maxpool1 10 1
0.02891230583190918
0.01027059555053711
zono_maxpool1 2 1
0.02704644203186035
0.010080575942993164
zono_maxpool1 3 1
0.025830745697021484
0.009465694427490234
zono_maxpool1 4 1
0.025635480880737305
0.009660959243774414
zono_maxpool1 5 1
0.026790142059326172
0.010031700134277344
zono_maxpool1 6 1
0.0263979434967041
0.009887933731079102
zono_maxpool1 7 1
0.028742551803588867
0.01084446907043457
zono_maxpool1 8 1
0.026939868927001953
0.010212182998657227
zono_maxpool1 9 1
0.02756953239440918
0.010247230529785156
zono_maxpool10 1 10
0
0
zono_maxpool2 1 2
0.026747703552246094
0.0318453311920166
zono_maxpool2 10 2
0.03019118309020996
0.04208660125732422
zono_maxpool2 2 2
0.027284622192382812
0.03512120246887207
zono_maxpool2 3 2
0.027886390686035156
0.03154563903808594
zono_maxpool2 4 2
0.03011488914489746
0.03537392616271973
zono_maxpool2 5 2
0.029582977294921875
0.03333115577697754
zono_maxpool2 6 2
0.030277729034423828
0.03432130813598633
zono_maxpool2 7 2
0.0304105281829834
0.040769338607788086
zono_maxpool2 8 2
0.029543161392211914
0.03575944900512695
zono_maxpool2 9 2
0.02989792823791504
0.0413362979888916
zono_maxpool3 1 3
0.03204512596130371
0.712831974029541
zono_maxpool3 10 3
0.034210920333862305
4.501471281051636
zono_maxpool3 2 3
0.030207157135009766
0.6598470211029053
zono_maxpool3 3 3
0.03130531311035156
1.0016224384307861
zono_maxpool3 4 3
0.03150439262390137
0.9975442886352539
zono_maxpool3 5 3
0.03164315223693848
1.2644212245941162
zono_maxpool3 6 3
0.032258033752441406
1.4135186672210693
zono_maxpool3 7 3
0.03282570838928223
0.9586591720581055
zono_maxpool3 8 3
0.03326702117919922
2.690688371658325
zono_maxpool3 9 3
0.03335428237915039
1.05305814743042
zono_maxpool4 1 4
0
0
zono_maxpool5 1 5
0
0
zono_maxpool6 1 6
0
0
zono_maxpool7 1 7
0
0
zono_maxpool8 1 8
0
0
zono_maxpool9 1 9
0
0
zono_relu1 1 1
0.05885934829711914
0.02744603157043457
zono_relu1 10 1
0.06422829627990723
0.02946925163269043
zono_relu1 2 1
0.06064867973327637
0.02837967872619629
zono_relu1 3 1
0.06150627136230469
0.028791427612304688
zono_relu1 4 1
0.05958962440490723
0.02764129638671875
zono_relu1 5 1
0.06070899963378906
0.028505325317382812
zono_relu1 6 1
0.0611722469329834
0.02856755256652832
zono_relu1 7 1
0.0669245719909668
0.031118392944335938
zono_relu1 8 1
0.06273102760314941
0.0288693904876709
zono_relu1 9 1
0.06323647499084473
0.02925872802734375
zono_relu10 1 10
0.05760455131530762
0.027143478393554688
zono_relu10 10 10
0.06384468078613281
0.02941131591796875
zono_relu10 2 10
0.06057929992675781
0.028441429138183594
zono_relu10 3 10
0.05912160873413086
0.027662277221679688
zono_relu10 4 10
0.06030154228210449
0.02808856964111328
zono_relu10 5 10
0.06582498550415039
0.03125953674316406
zono_relu10 6 10
0.06102943420410156
0.028744935989379883
zono_relu10 7 10
0.06264662742614746
0.029292583465576172
zono_relu10 8 10
0.06345510482788086
0.029407739639282227
zono_relu10 9 10
0.06291937828063965
0.02923107147216797
zono_relu2 1 2
0.05816483497619629
0.02773141860961914
zono_relu2 10 2
0.06410503387451172
0.029566287994384766
zono_relu2 2 2
0.0593113899230957
0.027573585510253906
zono_relu2 3 2
0.058875322341918945
0.027408838272094727
zono_relu2 4 2
0.06191253662109375
0.02877330780029297
zono_relu2 5 2
0.060172319412231445
0.02806878089904785
zono_relu2 6 2
0.06139707565307617
0.02874755859375
zono_relu2 7 2
0.06256914138793945
0.0287628173828125
zono_relu2 8 2
0.06260371208190918
0.028846025466918945
zono_relu2 9 2
0.06818127632141113
0.031487226486206055
zono_relu3 1 3
0.05797576904296875
0.02707648277282715
zono_relu3 10 3
0.0637507438659668
0.029468774795532227
zono_relu3 2 3
0.06049299240112305
0.028163909912109375
zono_relu3 3 3
0.059453487396240234
0.02784585952758789
zono_relu3 4 3
0.06160688400268555
0.028891324996948242
zono_relu3 5 3
0.06550931930541992
0.030729055404663086
zono_relu3 6 3
0.06211566925048828
0.029393434524536133
zono_relu3 7 3
0.06421685218811035
0.029784202575683594
zono_relu3 8 3
0.0627434253692627
0.028692245483398438
zono_relu3 9 3
0.06427907943725586
0.02940082550048828
zono_relu4 1 4
0.057964324951171875
0.026944637298583984
zono_relu4 10 4
0.06879234313964844
0.031564950942993164
zono_relu4 2 4
0.05846071243286133
0.027041912078857422
zono_relu4 3 4
0.061132192611694336
0.028688430786132812
zono_relu4 4 4
0.060617923736572266
0.028124570846557617
zono_relu4 5 4
0.06043815612792969
0.028270959854125977
zono_relu4 6 4
0.06591343879699707
0.03064441680908203
zono_relu4 7 4
0.06213259696960449
0.02862691879272461
zono_relu4 8 4
0.06268715858459473
0.029202938079833984
zono_relu4 9 4
0.06335139274597168
0.028981447219848633
zono_relu5 1 5
0.057916879653930664
0.027102231979370117
zono_relu5 10 5
0.06527256965637207
0.029885053634643555
zono_relu5 2 5
0.058425188064575195
0.02742934226989746
zono_relu5 3 5
0.05928993225097656
0.02771782875061035
zono_relu5 4 5
0.06031370162963867
0.028070449829101562
zono_relu5 5 5
0.06252193450927734
0.029329776763916016
zono_relu5 6 5
0.06367945671081543
0.029869794845581055
zono_relu5 7 5
0.06348681449890137
0.028673648834228516
zono_relu5 8 5
0.06773948669433594
0.031127214431762695
zono_relu5 9 5
0.06362223625183105
0.029294729232788086
zono_relu6 1 6
0.05956387519836426
0.027890682220458984
zono_relu6 10 6
0.06382036209106445
0.029222726821899414
zono_relu6 2 6
0.058626651763916016
0.027541399002075195
zono_relu6 3 6
0.061330318450927734
0.02895069122314453
zono_relu6 4 6
0.062248945236206055
0.028882980346679688
zono_relu6 5 6
0.06171107292175293
0.029015779495239258
zono_relu6 6 6
0.06354928016662598
0.029562950134277344
zono_relu6 7 6
0.061986684799194336
0.028868675231933594
zono_relu6 8 6
0.06265854835510254
0.02894139289855957
zono_relu6 9 6
0.06285786628723145
0.029047250747680664
zono_relu7 1 7
0.060225486755371094
0.02814173698425293
zono_relu7 10 7
0.06430912017822266
0.029331207275390625
zono_relu7 2 7
0.05836606025695801
0.027457475662231445
zono_relu7 3 7
0.06369972229003906
0.029753446578979492
zono_relu7 4 7
0.06488490104675293
0.029946088790893555
zono_relu7 5 7
0.06051015853881836
0.028187274932861328
zono_relu7 6 7
0.062371015548706055
0.029401540756225586
zono_relu7 7 7
0.0668482780456543
0.030735492706298828
zono_relu7 8 7
0.06329846382141113
0.029148340225219727
zono_relu7 9 7
0.06532073020935059
0.030153751373291016
zono_relu8 1 8
0.05842113494873047
0.027153491973876953
zono_relu8 10 8
0.06617188453674316
0.03020954132080078
zono_relu8 2 8
0.06050276756286621
0.028405427932739258
zono_relu8 3 8
0.06147503852844238
0.029170751571655273
zono_relu8 4 8
0.05973553657531738
0.02776336669921875
zono_relu8 5 8
0.06299805641174316
0.029482126235961914
zono_relu8 6 8
0.06615591049194336
0.03076171875
zono_relu8 7 8
0.061799049377441406
0.028384923934936523
zono_relu8 8 8
0.0626990795135498
0.028867721557617188
zono_relu8 9 8
0.06315827369689941
0.029010772705078125
zono_relu9 1 9
0.057884931564331055
0.02709794044494629
zono_relu9 10 9
0.06387519836425781
0.029517173767089844
zono_relu9 2 9
0.06078696250915527
0.028329849243164062
zono_relu9 3 9
0.06160092353820801
0.028992176055908203
zono_relu9 4 9
0.05953192710876465
0.027568340301513672
zono_relu9 5 9
0.06096935272216797
0.02858114242553711
zono_relu9 6 9
0.06127429008483887
0.028721332550048828
zono_relu9 7 9
0.06153988838195801
0.02854323387145996
zono_relu9 8 9
0.06792926788330078
0.03103160858154297
zono_relu9 9 9
0.06307125091552734
0.02924633026123047
